runname	sdlen	sim	chunklen	strand	id	tp	tn
run_64_64_0.99_+	64	0.99	64	+	0.94165	0.46983	0.99934
run_128_64_0.99_+	128	0.99	64	+	0.93322	0.64334	0.99958
run_256_64_0.99_+	256	0.99	64	+	0.91744	0.71677	0.99937
run_512_64_0.99_+	512	0.99	64	+	0.91847	0.7989	0.99961
run_1024_64_0.99_+	1024	0.99	64	+	0.90873	0.81785	0.99968
run_2048_64_0.99_+	2048	0.99	64	+	0.88738	0.80097	0.99987
run_4096_64_0.99_+	4096	0.99	64	+	0.88602	0.81212	0.99987
run_8192_64_0.99_+	8192	0.99	64	+	0.88735	0.81916	0.99989
run_16384_64_0.99_+	16384	0.99	64	+	0.89276	0.81822	0.99997
run_32768_64_0.99_+	32768	0.99	64	+	0.87962	0.81635	0.99998
run_65536_64_0.99_+	65536	0.99	64	+	0.90946	0.82733	1
run_64_128_0.99_+	64	0.99	128	+	0.96914	0.73297	0.99802
run_128_128_0.99_+	128	0.99	128	+	0.96923	0.8425	0.99824
run_256_128_0.99_+	256	0.99	128	+	0.97384	0.91411	0.99822
run_512_128_0.99_+	512	0.99	128	+	0.97945	0.95096	0.99878
run_1024_128_0.99_+	1024	0.99	128	+	0.98716	0.97532	0.999
run_2048_128_0.99_+	2048	0.99	128	+	0.99411	0.98985	0.99967
run_4096_128_0.99_+	4096	0.99	128	+	0.99711	0.9955	0.9996
run_8192_128_0.99_+	8192	0.99	128	+	0.99825	0.99733	0.99976
run_16384_128_0.99_+	16384	0.99	128	+	0.99891	0.99823	0.9999
run_32768_128_0.99_+	32768	0.99	128	+	0.99892	0.99837	0.99995
run_65536_128_0.99_+	65536	0.99	128	+	0.99975	0.99953	1
run_64_256_0.99_+	64	0.99	256	+	0.97508	0.79093	0.99759
run_128_256_0.99_+	128	0.99	256	+	0.97777	0.89063	0.99772
run_256_256_0.99_+	256	0.99	256	+	0.98481	0.95302	0.99779
run_512_256_0.99_+	512	0.99	256	+	0.98904	0.97542	0.99828
run_1024_256_0.99_+	1024	0.99	256	+	0.9934	0.98813	0.99868
run_2048_256_0.99_+	2048	0.99	256	+	0.99699	0.99502	0.99954
run_4096_256_0.99_+	4096	0.99	256	+	0.99832	0.99756	0.99949
run_8192_256_0.99_+	8192	0.99	256	+	0.9994	0.99923	0.99968
run_16384_256_0.99_+	16384	0.99	256	+	0.9997	0.99959	0.99986
run_32768_256_0.99_+	32768	0.99	256	+	0.99982	0.99975	0.99995
run_65536_256_0.99_+	65536	0.99	256	+	0.99979	0.9996	1
run_64_512_0.99_+	64	0.99	512	+	0.95938	0.64389	0.99795
run_128_512_0.99_+	128	0.99	512	+	0.94306	0.7028	0.99806
run_256_512_0.99_+	256	0.99	512	+	0.94161	0.80318	0.99813
run_512_512_0.99_+	512	0.99	512	+	0.96658	0.91957	0.99848
run_1024_512_0.99_+	1024	0.99	512	+	0.98734	0.97597	0.99873
run_2048_512_0.99_+	2048	0.99	512	+	0.99829	0.99736	0.9995
run_4096_512_0.99_+	4096	0.99	512	+	0.9992	0.99905	0.99945
run_8192_512_0.99_+	8192	0.99	512	+	0.99976	0.99984	0.99963
run_16384_512_0.99_+	16384	0.99	512	+	0.99979	0.99974	0.99986
run_32768_512_0.99_+	32768	0.99	512	+	0.99982	0.99975	0.99995
run_65536_512_0.99_+	65536	0.99	512	+	0.9998	0.99963	1
run_64_1024_0.99_+	64	0.99	1024	+	0.9513	0.56805	0.99816
run_128_1024_0.99_+	128	0.99	1024	+	0.92247	0.59141	0.99825
run_256_1024_0.99_+	256	0.99	1024	+	0.89594	0.64504	0.99837
run_512_1024_0.99_+	512	0.99	1024	+	0.88734	0.72326	0.99868
run_1024_1024_0.99_+	1024	0.99	1024	+	0.64851	0.94936	0.34742
run_2048_1024_0.99_+	2048	0.99	1024	+	0.97333	0.95316	0.99958
run_4096_1024_0.99_+	4096	0.99	1024	+	0.9971	0.99556	0.99947
run_8192_1024_0.99_+	8192	0.99	1024	+	0.99976	0.99984	0.99963
run_16384_1024_0.99_+	16384	0.99	1024	+	0.99983	0.9998	0.99986
run_32768_1024_0.99_+	32768	0.99	1024	+	0.99985	0.99979	0.99995
run_65536_1024_0.99_+	65536	0.99	1024	+	0.9998	0.99963	1
run_64_2048_0.99_+	64	0.99	2048	+	0.92789	0.34726	0.99887
run_128_2048_0.99_+	128	0.99	2048	+	0.8841	0.38273	0.99888
run_256_2048_0.99_+	256	0.99	2048	+	0.84409	0.46503	0.99884
run_512_2048_0.99_+	512	0.99	2048	+	0.83683	0.59796	0.99891
run_1024_2048_0.99_+	1024	0.99	2048	+	0.86271	0.72648	0.99904
run_2048_2048_0.99_+	2048	0.99	2048	+	0.90547	0.83315	0.9996
run_4096_2048_0.99_+	4096	0.99	2048	+	0.97196	0.95405	0.99955
run_8192_2048_0.99_+	8192	0.99	2048	+	0.99556	0.99306	0.99969
run_16384_2048_0.99_+	16384	0.99	2048	+	0.99994	1	0.99986
run_32768_2048_0.99_+	32768	0.99	2048	+	0.99994	0.99994	0.99995
run_65536_2048_0.99_+	65536	0.99	2048	+	0.9999	0.99981	0.99999
run_64_4096_0.99_+	64	0.99	4096	+	0.90961	0.17482	0.99944
run_128_4096_0.99_+	128	0.99	4096	+	0.84913	0.19258	0.99943
run_256_4096_0.99_+	256	0.99	4096	+	0.77729	0.23324	0.9994
run_512_4096_0.99_+	512	0.99	4096	+	0.71957	0.30713	0.99943
run_1024_4096_0.99_+	1024	0.99	4096	+	0.7609	0.52267	0.99933
run_2048_4096_0.99_+	2048	0.99	4096	+	0.81056	0.66525	0.9997
run_4096_4096_0.99_+	4096	0.99	4096	+	0.89875	0.83329	0.9996
run_8192_4096_0.99_+	8192	0.99	4096	+	0.96517	0.94424	0.99972
run_16384_4096_0.99_+	16384	0.99	4096	+	0.99479	0.99125	0.99989
run_32768_4096_0.99_+	32768	0.99	4096	+	0.99994	0.99994	0.99995
run_65536_4096_0.99_+	65536	0.99	4096	+	0.99999	1	0.99999
run_64_64_0.95_+	64	0.95	64	+	0.89364	0.02407	0.99995
run_128_64_0.95_+	128	0.95	64	+	0.85895	0.243	0.99996
run_256_64_0.95_+	256	0.95	64	+	0.76885	0.20303	0.99986
run_512_64_0.95_+	512	0.95	64	+	0.67535	0.19698	0.99998
run_1024_64_0.95_+	1024	0.95	64	+	0.60934	0.21907	0.99997
run_2048_64_0.95_+	2048	0.95	64	+	0.55627	0.21547	0.99992
run_4096_64_0.95_+	4096	0.95	64	+	0.53631	0.23534	0.99998
run_8192_64_0.95_+	8192	0.95	64	+	0.52005	0.22926	1
run_16384_64_0.95_+	16384	0.95	64	+	0.54795	0.23368	1
run_32768_64_0.95_+	32768	0.95	64	+	0.49288	0.22626	1
run_65536_64_0.95_+	65536	0.95	64	+	0.59778	0.23288	1
run_64_128_0.95_+	64	0.95	128	+	0.89978	0.08221	0.99974
run_128_128_0.95_+	128	0.95	128	+	0.92488	0.60211	0.99877
run_256_128_0.95_+	256	0.95	128	+	0.90163	0.66419	0.99857
run_512_128_0.95_+	512	0.95	128	+	0.85895	0.65142	0.99978
run_1024_128_0.95_+	1024	0.95	128	+	0.87961	0.75965	0.99968
run_2048_128_0.95_+	2048	0.95	128	+	0.86032	0.7532	0.99977
run_4096_128_0.95_+	4096	0.95	128	+	0.88082	0.80359	0.9998
run_8192_128_0.95_+	8192	0.95	128	+	0.87757	0.80343	0.99993
run_16384_128_0.95_+	16384	0.95	128	+	0.88155	0.79922	0.99998
run_32768_128_0.95_+	32768	0.95	128	+	0.87175	0.80432	1
run_65536_128_0.95_+	65536	0.95	128	+	0.89872	0.80684	1
run_64_256_0.95_+	64	0.95	256	+	0.9014	0.09756	0.99968
run_128_256_0.95_+	128	0.95	256	+	0.9509	0.74501	0.99804
run_256_256_0.95_+	256	0.95	256	+	0.96999	0.9014	0.99799
run_512_256_0.95_+	512	0.95	256	+	0.9459	0.86706	0.9994
run_1024_256_0.95_+	1024	0.95	256	+	0.96626	0.93313	0.99943
run_2048_256_0.95_+	2048	0.95	256	+	0.99304	0.98801	0.99958
run_4096_256_0.95_+	4096	0.95	256	+	0.98886	0.98189	0.99961
run_8192_256_0.95_+	8192	0.95	256	+	0.98947	0.98317	0.99986
run_16384_256_0.95_+	16384	0.95	256	+	0.9942	0.99021	0.99993
run_32768_256_0.95_+	32768	0.95	256	+	0.9947	0.99191	1
run_65536_256_0.95_+	65536	0.95	256	+	0.99586	0.9921	1
run_64_512_0.95_+	64	0.95	512	+	0.89951	0.07981	0.99972
run_128_512_0.95_+	128	0.95	512	+	0.927	0.61577	0.99825
run_256_512_0.95_+	256	0.95	512	+	0.92938	0.76075	0.99822
run_512_512_0.95_+	512	0.95	512	+	0.93732	0.84591	0.99935
run_1024_512_0.95_+	1024	0.95	512	+	0.97421	0.94911	0.99933
run_2048_512_0.95_+	2048	0.95	512	+	0.99677	0.99465	0.99954
run_4096_512_0.95_+	4096	0.95	512	+	0.99562	0.99309	0.99951
run_8192_512_0.95_+	8192	0.95	512	+	0.99483	0.99187	0.9997
run_16384_512_0.95_+	16384	0.95	512	+	0.99726	0.99541	0.99993
run_32768_512_0.95_+	32768	0.95	512	+	0.99757	0.9963	0.99999
run_65536_512_0.95_+	65536	0.95	512	+	0.99875	0.99762	1
run_64_1024_0.95_+	64	0.95	1024	+	0.89851	0.07026	0.99977
run_128_1024_0.95_+	128	0.95	1024	+	0.91331	0.54174	0.99837
run_256_1024_0.95_+	256	0.95	1024	+	0.88979	0.62374	0.99841
run_512_1024_0.95_+	512	0.95	1024	+	0.86938	0.67775	0.99941
run_1024_1024_0.95_+	1024	0.95	1024	+	0.64591	0.94399	0.34759
run_2048_1024_0.95_+	2048	0.95	1024	+	0.9729	0.95237	0.99962
run_4096_1024_0.95_+	4096	0.95	1024	+	0.99577	0.99336	0.99949
run_8192_1024_0.95_+	8192	0.95	1024	+	0.99711	0.99555	0.99969
run_16384_1024_0.95_+	16384	0.95	1024	+	0.99773	0.9962	0.99993
run_32768_1024_0.95_+	32768	0.95	1024	+	0.99825	0.99733	0.99999
run_65536_1024_0.95_+	65536	0.95	1024	+	0.99936	0.99879	1
run_64_2048_0.95_+	64	0.95	2048	+	0.896	0.04654	0.99986
run_128_2048_0.95_+	128	0.95	2048	+	0.87882	0.35404	0.99895
run_256_2048_0.95_+	256	0.95	2048	+	0.8402	0.45155	0.99886
run_512_2048_0.95_+	512	0.95	2048	+	0.82732	0.57362	0.99947
run_1024_2048_0.95_+	1024	0.95	2048	+	0.85805	0.71674	0.99946
run_2048_2048_0.95_+	2048	0.95	2048	+	0.90529	0.8328	0.99964
run_4096_2048_0.95_+	4096	0.95	2048	+	0.96896	0.9491	0.99956
run_8192_2048_0.95_+	8192	0.95	2048	+	0.99504	0.9922	0.99972
run_16384_2048_0.95_+	16384	0.95	2048	+	0.99877	0.99799	0.99989
run_32768_2048_0.95_+	32768	0.95	2048	+	0.99911	0.99865	0.99997
run_65536_2048_0.95_+	65536	0.95	2048	+	0.99962	0.99928	0.99999
run_64_4096_0.95_+	64	0.95	4096	+	0.89335	0.02148	0.99994
run_128_4096_0.95_+	128	0.95	4096	+	0.84633	0.17737	0.99946
run_256_4096_0.95_+	256	0.95	4096	+	0.77518	0.22594	0.9994
run_512_4096_0.95_+	512	0.95	4096	+	0.71445	0.294	0.99974
run_1024_4096_0.95_+	1024	0.95	4096	+	0.75822	0.51703	0.99959
run_2048_4096_0.95_+	2048	0.95	4096	+	0.81041	0.66496	0.99973
run_4096_4096_0.95_+	4096	0.95	4096	+	0.89855	0.83295	0.9996
run_8192_4096_0.95_+	8192	0.95	4096	+	0.96474	0.94354	0.99972
run_16384_4096_0.95_+	16384	0.95	4096	+	0.99473	0.99115	0.99989
run_32768_4096_0.95_+	32768	0.95	4096	+	0.99949	0.99924	0.99996
run_65536_4096_0.95_+	65536	0.95	4096	+	0.99978	0.99959	0.99999
run_64_64_0.90_+	64	0.9	64	+	0.89114	0.00079	0.99999
run_128_64_0.90_+	128	0.9	64	+	0.81887	0.0277	1
run_256_64_0.90_+	256	0.9	64	+	0.71552	0.01877	0.99999
run_512_64_0.90_+	512	0.9	64	+	0.60212	0.01581	1
run_1024_64_0.90_+	1024	0.9	64	+	0.50656	0.01359	0.99999
run_2048_64_0.90_+	2048	0.9	64	+	0.45119	0.02962	1
run_4096_64_0.90_+	4096	0.9	64	+	0.41738	0.0392	1
run_64_64_0.99_+	64	0.99	64	+	0.94165	0.46983	0.99934
run_128_64_0.99_+	128	0.99	64	+	0.93322	0.64334	0.99958
run_256_64_0.99_+	256	0.99	64	+	0.91744	0.71677	0.99937
run_512_64_0.99_+	512	0.99	64	+	0.91847	0.7989	0.99961
run_1024_64_0.99_+	1024	0.99	64	+	0.90873	0.81785	0.99968
run_2048_64_0.99_+	2048	0.99	64	+	0.88738	0.80097	0.99987
run_4096_64_0.99_+	4096	0.99	64	+	0.88602	0.81212	0.99987
run_8192_64_0.99_+	8192	0.99	64	+	0.88735	0.81916	0.99989
run_16384_64_0.99_+	16384	0.99	64	+	0.89276	0.81822	0.99997
run_32768_64_0.99_+	32768	0.99	64	+	0.87962	0.81635	0.99998
run_65536_64_0.99_+	65536	0.99	64	+	0.90946	0.82733	1
run_64_128_0.99_+	64	0.99	128	+	0.96914	0.73297	0.99802
run_128_128_0.99_+	128	0.99	128	+	0.96923	0.8425	0.99824
run_256_128_0.99_+	256	0.99	128	+	0.97384	0.91411	0.99822
run_512_128_0.99_+	512	0.99	128	+	0.97945	0.95096	0.99878
run_1024_128_0.99_+	1024	0.99	128	+	0.98716	0.97532	0.999
run_2048_128_0.99_+	2048	0.99	128	+	0.99411	0.98985	0.99967
run_4096_128_0.99_+	4096	0.99	128	+	0.99711	0.9955	0.9996
run_8192_128_0.99_+	8192	0.99	128	+	0.99825	0.99733	0.99976
run_16384_128_0.99_+	16384	0.99	128	+	0.99891	0.99823	0.9999
run_32768_128_0.99_+	32768	0.99	128	+	0.99892	0.99837	0.99995
run_65536_128_0.99_+	65536	0.99	128	+	0.99975	0.99953	1
run_64_256_0.99_+	64	0.99	256	+	0.97508	0.79093	0.99759
run_128_256_0.99_+	128	0.99	256	+	0.97777	0.89063	0.99772
run_256_256_0.99_+	256	0.99	256	+	0.98481	0.95302	0.99779
run_512_256_0.99_+	512	0.99	256	+	0.98904	0.97542	0.99828
run_1024_256_0.99_+	1024	0.99	256	+	0.9934	0.98813	0.99868
run_2048_256_0.99_+	2048	0.99	256	+	0.99699	0.99502	0.99954
run_4096_256_0.99_+	4096	0.99	256	+	0.99832	0.99756	0.99949
run_8192_256_0.99_+	8192	0.99	256	+	0.9994	0.99923	0.99968
run_16384_256_0.99_+	16384	0.99	256	+	0.9997	0.99959	0.99986
run_32768_256_0.99_+	32768	0.99	256	+	0.99982	0.99975	0.99995
run_65536_256_0.99_+	65536	0.99	256	+	0.99979	0.9996	1
run_64_512_0.99_+	64	0.99	512	+	0.95938	0.64389	0.99795
run_128_512_0.99_+	128	0.99	512	+	0.94306	0.7028	0.99806
run_256_512_0.99_+	256	0.99	512	+	0.94161	0.80318	0.99813
run_512_512_0.99_+	512	0.99	512	+	0.96658	0.91957	0.99848
run_1024_512_0.99_+	1024	0.99	512	+	0.98734	0.97597	0.99873
run_2048_512_0.99_+	2048	0.99	512	+	0.99829	0.99736	0.9995
run_4096_512_0.99_+	4096	0.99	512	+	0.9992	0.99905	0.99945
run_8192_512_0.99_+	8192	0.99	512	+	0.99976	0.99984	0.99963
run_16384_512_0.99_+	16384	0.99	512	+	0.99979	0.99974	0.99986
run_32768_512_0.99_+	32768	0.99	512	+	0.99982	0.99975	0.99995
run_65536_512_0.99_+	65536	0.99	512	+	0.9998	0.99963	1
run_64_1024_0.99_+	64	0.99	1024	+	0.9513	0.56805	0.99816
run_128_1024_0.99_+	128	0.99	1024	+	0.92247	0.59141	0.99825
run_256_1024_0.99_+	256	0.99	1024	+	0.89594	0.64504	0.99837
run_512_1024_0.99_+	512	0.99	1024	+	0.88734	0.72326	0.99868
run_1024_1024_0.99_+	1024	0.99	1024	+	0.64851	0.94936	0.34742
run_2048_1024_0.99_+	2048	0.99	1024	+	0.97333	0.95316	0.99958
run_4096_1024_0.99_+	4096	0.99	1024	+	0.9971	0.99556	0.99947
run_8192_1024_0.99_+	8192	0.99	1024	+	0.99976	0.99984	0.99963
run_16384_1024_0.99_+	16384	0.99	1024	+	0.99983	0.9998	0.99986
run_32768_1024_0.99_+	32768	0.99	1024	+	0.99985	0.99979	0.99995
run_65536_1024_0.99_+	65536	0.99	1024	+	0.9998	0.99963	1
run_64_2048_0.99_+	64	0.99	2048	+	0.92789	0.34726	0.99887
run_128_2048_0.99_+	128	0.99	2048	+	0.8841	0.38273	0.99888
run_256_2048_0.99_+	256	0.99	2048	+	0.84409	0.46503	0.99884
run_512_2048_0.99_+	512	0.99	2048	+	0.83683	0.59796	0.99891
run_1024_2048_0.99_+	1024	0.99	2048	+	0.86271	0.72648	0.99904
run_2048_2048_0.99_+	2048	0.99	2048	+	0.90547	0.83315	0.9996
run_4096_2048_0.99_+	4096	0.99	2048	+	0.97196	0.95405	0.99955
run_8192_2048_0.99_+	8192	0.99	2048	+	0.99556	0.99306	0.99969
run_16384_2048_0.99_+	16384	0.99	2048	+	0.99994	1	0.99986
run_32768_2048_0.99_+	32768	0.99	2048	+	0.99994	0.99994	0.99995
run_65536_2048_0.99_+	65536	0.99	2048	+	0.9999	0.99981	0.99999
run_64_4096_0.99_+	64	0.99	4096	+	0.90961	0.17482	0.99944
run_128_4096_0.99_+	128	0.99	4096	+	0.84913	0.19258	0.99943
run_256_4096_0.99_+	256	0.99	4096	+	0.77729	0.23324	0.9994
run_512_4096_0.99_+	512	0.99	4096	+	0.71957	0.30713	0.99943
run_1024_4096_0.99_+	1024	0.99	4096	+	0.7609	0.52267	0.99933
run_2048_4096_0.99_+	2048	0.99	4096	+	0.81056	0.66525	0.9997
run_4096_4096_0.99_+	4096	0.99	4096	+	0.89875	0.83329	0.9996
run_8192_4096_0.99_+	8192	0.99	4096	+	0.96517	0.94424	0.99972
run_16384_4096_0.99_+	16384	0.99	4096	+	0.99479	0.99125	0.99989
run_32768_4096_0.99_+	32768	0.99	4096	+	0.99994	0.99994	0.99995
run_65536_4096_0.99_+	65536	0.99	4096	+	0.99999	1	0.99999
run_64_64_0.95_+	64	0.95	64	+	0.89364	0.02407	0.99995
run_128_64_0.95_+	128	0.95	64	+	0.85895	0.243	0.99996
run_256_64_0.95_+	256	0.95	64	+	0.76885	0.20303	0.99986
run_512_64_0.95_+	512	0.95	64	+	0.67535	0.19698	0.99998
run_1024_64_0.95_+	1024	0.95	64	+	0.60934	0.21907	0.99997
run_2048_64_0.95_+	2048	0.95	64	+	0.55627	0.21547	0.99992
run_4096_64_0.95_+	4096	0.95	64	+	0.53631	0.23534	0.99998
run_8192_64_0.95_+	8192	0.95	64	+	0.52005	0.22926	1
run_16384_64_0.95_+	16384	0.95	64	+	0.54795	0.23368	1
run_32768_64_0.95_+	32768	0.95	64	+	0.49288	0.22626	1
run_65536_64_0.95_+	65536	0.95	64	+	0.59778	0.23288	1
run_64_128_0.95_+	64	0.95	128	+	0.89978	0.08221	0.99974
run_128_128_0.95_+	128	0.95	128	+	0.92488	0.60211	0.99877
run_256_128_0.95_+	256	0.95	128	+	0.90163	0.66419	0.99857
run_512_128_0.95_+	512	0.95	128	+	0.85895	0.65142	0.99978
run_1024_128_0.95_+	1024	0.95	128	+	0.87961	0.75965	0.99968
run_2048_128_0.95_+	2048	0.95	128	+	0.86032	0.7532	0.99977
run_4096_128_0.95_+	4096	0.95	128	+	0.88082	0.80359	0.9998
run_8192_128_0.95_+	8192	0.95	128	+	0.87757	0.80343	0.99993
run_16384_128_0.95_+	16384	0.95	128	+	0.88155	0.79922	0.99998
run_32768_128_0.95_+	32768	0.95	128	+	0.87175	0.80432	1
run_65536_128_0.95_+	65536	0.95	128	+	0.89872	0.80684	1
run_64_256_0.95_+	64	0.95	256	+	0.9014	0.09756	0.99968
run_128_256_0.95_+	128	0.95	256	+	0.9509	0.74501	0.99804
run_256_256_0.95_+	256	0.95	256	+	0.96999	0.9014	0.99799
run_512_256_0.95_+	512	0.95	256	+	0.9459	0.86706	0.9994
run_1024_256_0.95_+	1024	0.95	256	+	0.96626	0.93313	0.99943
run_2048_256_0.95_+	2048	0.95	256	+	0.99304	0.98801	0.99958
run_4096_256_0.95_+	4096	0.95	256	+	0.98886	0.98189	0.99961
run_8192_256_0.95_+	8192	0.95	256	+	0.98947	0.98317	0.99986
run_16384_256_0.95_+	16384	0.95	256	+	0.9942	0.99021	0.99993
run_32768_256_0.95_+	32768	0.95	256	+	0.9947	0.99191	1
run_65536_256_0.95_+	65536	0.95	256	+	0.99586	0.9921	1
run_64_512_0.95_+	64	0.95	512	+	0.89951	0.07981	0.99972
run_128_512_0.95_+	128	0.95	512	+	0.927	0.61577	0.99825
run_256_512_0.95_+	256	0.95	512	+	0.92938	0.76075	0.99822
run_512_512_0.95_+	512	0.95	512	+	0.93732	0.84591	0.99935
run_1024_512_0.95_+	1024	0.95	512	+	0.97421	0.94911	0.99933
run_2048_512_0.95_+	2048	0.95	512	+	0.99677	0.99465	0.99954
run_4096_512_0.95_+	4096	0.95	512	+	0.99562	0.99309	0.99951
run_8192_512_0.95_+	8192	0.95	512	+	0.99483	0.99187	0.9997
run_16384_512_0.95_+	16384	0.95	512	+	0.99726	0.99541	0.99993
run_32768_512_0.95_+	32768	0.95	512	+	0.99757	0.9963	0.99999
run_65536_512_0.95_+	65536	0.95	512	+	0.99875	0.99762	1
run_64_1024_0.95_+	64	0.95	1024	+	0.89851	0.07026	0.99977
run_128_1024_0.95_+	128	0.95	1024	+	0.91331	0.54174	0.99837
run_256_1024_0.95_+	256	0.95	1024	+	0.88979	0.62374	0.99841
run_512_1024_0.95_+	512	0.95	1024	+	0.86938	0.67775	0.99941
run_1024_1024_0.95_+	1024	0.95	1024	+	0.64591	0.94399	0.34759
run_2048_1024_0.95_+	2048	0.95	1024	+	0.9729	0.95237	0.99962
run_4096_1024_0.95_+	4096	0.95	1024	+	0.99577	0.99336	0.99949
run_8192_1024_0.95_+	8192	0.95	1024	+	0.99711	0.99555	0.99969
run_16384_1024_0.95_+	16384	0.95	1024	+	0.99773	0.9962	0.99993
run_32768_1024_0.95_+	32768	0.95	1024	+	0.99825	0.99733	0.99999
run_65536_1024_0.95_+	65536	0.95	1024	+	0.99936	0.99879	1
run_64_2048_0.95_+	64	0.95	2048	+	0.896	0.04654	0.99986
run_128_2048_0.95_+	128	0.95	2048	+	0.87882	0.35404	0.99895
run_256_2048_0.95_+	256	0.95	2048	+	0.8402	0.45155	0.99886
run_512_2048_0.95_+	512	0.95	2048	+	0.82732	0.57362	0.99947
run_1024_2048_0.95_+	1024	0.95	2048	+	0.85805	0.71674	0.99946
run_2048_2048_0.95_+	2048	0.95	2048	+	0.90529	0.8328	0.99964
run_4096_2048_0.95_+	4096	0.95	2048	+	0.96896	0.9491	0.99956
run_8192_2048_0.95_+	8192	0.95	2048	+	0.99504	0.9922	0.99972
run_16384_2048_0.95_+	16384	0.95	2048	+	0.99877	0.99799	0.99989
run_32768_2048_0.95_+	32768	0.95	2048	+	0.99911	0.99865	0.99997
run_65536_2048_0.95_+	65536	0.95	2048	+	0.99962	0.99928	0.99999
run_64_4096_0.95_+	64	0.95	4096	+	0.89335	0.02148	0.99994
run_128_4096_0.95_+	128	0.95	4096	+	0.84633	0.17737	0.99946
run_256_4096_0.95_+	256	0.95	4096	+	0.77518	0.22594	0.9994
run_512_4096_0.95_+	512	0.95	4096	+	0.71445	0.294	0.99974
run_1024_4096_0.95_+	1024	0.95	4096	+	0.75822	0.51703	0.99959
run_2048_4096_0.95_+	2048	0.95	4096	+	0.81041	0.66496	0.99973
run_4096_4096_0.95_+	4096	0.95	4096	+	0.89855	0.83295	0.9996
run_8192_4096_0.95_+	8192	0.95	4096	+	0.96474	0.94354	0.99972
run_16384_4096_0.95_+	16384	0.95	4096	+	0.99473	0.99115	0.99989
run_32768_4096_0.95_+	32768	0.95	4096	+	0.99949	0.99924	0.99996
run_65536_4096_0.95_+	65536	0.95	4096	+	0.99978	0.99959	0.99999
run_64_64_0.90_+	64	0.9	64	+	0.89114	0.00079	0.99999
run_128_64_0.90_+	128	0.9	64	+	0.81887	0.0277	1
run_256_64_0.90_+	256	0.9	64	+	0.71552	0.01877	0.99999
run_512_64_0.90_+	512	0.9	64	+	0.60212	0.01581	1
run_1024_64_0.90_+	1024	0.9	64	+	0.50656	0.01359	0.99999
run_2048_64_0.90_+	2048	0.9	64	+	0.45119	0.02962	1
run_4096_64_0.90_+	4096	0.9	64	+	0.41738	0.0392	1
run_8192_64_0.90_+	8192	0.9	64	+	0.39783	0.03298	1
run_16384_64_0.90_+	16384	0.9	64	+	0.42742	0.02935	1
run_32768_64_0.90_+	32768	0.9	64	+	0.36529	0.0316	1
run_65536_64_0.90_+	65536	0.9	64	+	0.48965	0.02666	1
run_64_128_0.90_+	64	0.9	128	+	0.89118	0.00119	0.99999
run_128_128_0.90_+	128	0.9	128	+	0.83253	0.10141	0.99991
run_256_128_0.90_+	256	0.9	128	+	0.73665	0.09208	0.99981
run_512_128_0.90_+	512	0.9	128	+	0.6634	0.16755	0.99989
run_1024_128_0.90_+	1024	0.9	128	+	0.55881	0.11809	0.99994
run_2048_128_0.90_+	2048	0.9	128	+	0.54637	0.19793	0.99996
run_4096_128_0.90_+	4096	0.9	128	+	0.52717	0.22026	0.99999
run_8192_128_0.90_+	8192	0.9	128	+	0.5262	0.23913	1
run_16384_128_0.90_+	16384	0.9	128	+	0.54397	0.22693	1
run_32768_128_0.90_+	32768	0.9	128	+	0.49526	0.22991	0.99999
run_65536_128_0.90_+	65536	0.9	128	+	0.59535	0.22825	1
run_64_256_0.90_+	64	0.9	256	+	0.89118	0.00119	0.99999
run_128_256_0.90_+	128	0.9	256	+	0.83991	0.14132	0.99985
run_256_256_0.90_+	256	0.9	256	+	0.79185	0.2827	0.99972
run_512_256_0.90_+	512	0.9	256	+	0.82383	0.56473	0.99966
run_1024_256_0.90_+	1024	0.9	256	+	0.70802	0.41644	0.99987
run_2048_256_0.90_+	2048	0.9	256	+	0.76724	0.58863	0.99976
run_4096_256_0.90_+	4096	0.9	256	+	0.75796	0.60093	0.99987
run_8192_256_0.90_+	8192	0.9	256	+	0.79294	0.66753	0.99993
run_16384_256_0.90_+	16384	0.9	256	+	0.80531	0.66996	1
run_32768_256_0.90_+	32768	0.9	256	+	0.77488	0.65653	0.99999
run_65536_256_0.90_+	65536	0.9	256	+	0.82313	0.66268	1
run_64_512_0.90_+	64	0.9	512	+	0.89119	0.00119	0.99999
run_128_512_0.90_+	128	0.9	512	+	0.83632	0.12202	0.99983
run_256_512_0.90_+	256	0.9	512	+	0.80125	0.31543	0.99957
run_512_512_0.90_+	512	0.9	512	+	0.86817	0.67461	0.9995
run_1024_512_0.90_+	1024	0.9	512	+	0.85188	0.70407	0.99982
run_2048_512_0.90_+	2048	0.9	512	+	0.93447	0.88439	0.99965
run_4096_512_0.90_+	4096	0.9	512	+	0.94667	0.91222	0.99973
run_8192_512_0.90_+	8192	0.9	512	+	0.96491	0.94374	0.99984
run_16384_512_0.90_+	16384	0.9	512	+	0.96675	0.94365	0.99998
run_32768_512_0.90_+	32768	0.9	512	+	0.96909	0.95283	0.99999
run_65536_512_0.90_+	65536	0.9	512	+	0.9761	0.95443	1
run_64_1024_0.90_+	64	0.9	1024	+	0.89119	0.00119	0.99999
run_128_1024_0.90_+	128	0.9	1024	+	0.83528	0.11642	0.99984
run_256_1024_0.90_+	256	0.9	1024	+	0.79635	0.29849	0.99959
run_512_1024_0.90_+	512	0.9	1024	+	0.83816	0.60039	0.9995
run_1024_1024_0.90_+	1024	0.9	1024	+	0.83342	0.66715	0.99982
run_2048_1024_0.90_+	2048	0.9	1024	+	0.9356	0.88641	0.99963
run_4096_1024_0.90_+	4096	0.9	1024	+	0.97964	0.96668	0.9996
run_8192_1024_0.90_+	8192	0.9	1024	+	0.98641	0.97827	0.99984
run_16384_1024_0.90_+	16384	0.9	1024	+	0.99227	0.98691	0.99998
run_32768_1024_0.90_+	32768	0.9	1024	+	0.99437	0.99141	0.99999
run_65536_1024_0.90_+	65536	0.9	1024	+	0.997	0.99429	1
run_64_2048_0.90_+	64	0.9	2048	+	0.89119	0.00119	0.99999
run_128_2048_0.90_+	128	0.9	2048	+	0.8279	0.07654	0.9999
run_256_2048_0.90_+	256	0.9	2048	+	0.78009	0.2423	0.99965
run_512_2048_0.90_+	512	0.9	2048	+	0.8059	0.52054	0.99953
run_1024_2048_0.90_+	1024	0.9	2048	+	0.80148	0.60332	0.99981
run_2048_2048_0.90_+	2048	0.9	2048	+	0.87654	0.78197	0.99962
run_4096_2048_0.90_+	4096	0.9	2048	+	0.95416	0.92465	0.99962
run_8192_2048_0.90_+	8192	0.9	2048	+	0.99111	0.98588	0.99975
run_16384_2048_0.90_+	16384	0.9	2048	+	0.99576	0.99288	0.99992
run_32768_2048_0.90_+	32768	0.9	2048	+	0.9975	0.99619	0.99997
run_65536_2048_0.90_+	65536	0.9	2048	+	0.99847	0.99709	0.99999
run_128_4096_0.90_+	128	0.9	4096	+	0.82299	0.05014	0.99991
run_256_4096_0.90_+	256	0.9	4096	+	0.74693	0.12751	0.9998
run_512_4096_0.90_+	512	0.9	4096	+	0.70434	0.26893	0.99978
run_1024_4096_0.90_+	1024	0.9	4096	+	0.74331	0.48699	0.99984
run_2048_4096_0.90_+	2048	0.9	4096	+	0.78805	0.62544	0.99971
run_4096_4096_0.90_+	4096	0.9	4096	+	0.87578	0.79537	0.99964
run_8192_4096_0.90_+	8192	0.9	4096	+	0.96245	0.93986	0.99974
run_16384_4096_0.90_+	16384	0.9	4096	+	0.99286	0.98796	0.9999
run_32768_4096_0.90_+	32768	0.9	4096	+	0.99857	0.99784	0.99996
run_65536_4096_0.90_+	65536	0.9	4096	+	0.99927	0.99862	0.99999
run_64_64_0.99_-	64	0.99	64	-	0.94173	0.47249	0.9991
run_128_64_0.99_-	128	0.99	64	-	0.93339	0.64547	0.9993
run_256_64_0.99_-	256	0.99	64	-	0.91549	0.70986	0.99945
run_512_64_0.99_-	512	0.99	64	-	0.91646	0.79384	0.99967
run_1024_64_0.99_-	1024	0.99	64	-	0.9088	0.81792	0.99976
run_2048_64_0.99_-	2048	0.99	64	-	0.88481	0.79645	0.99985
run_4096_64_0.99_-	4096	0.99	64	-	0.88469	0.80997	0.99982
run_8192_64_0.99_-	8192	0.99	64	-	0.88843	0.82088	0.99992
run_16384_64_0.99_-	16384	0.99	64	-	0.88882	0.81155	0.99998
run_32768_64_0.99_-	32768	0.99	64	-	0.87566	0.8103	0.99998
run_65536_64_0.99_-	65536	0.99	64	-	0.90449	0.81785	1
run_64_128_0.99_-	64	0.99	128	-	0.96941	0.73526	0.99804
run_128_128_0.99_-	128	0.99	128	-	0.96855	0.8394	0.99812
run_256_128_0.99_-	256	0.99	128	-	0.97254	0.90919	0.99841
run_512_128_0.99_-	512	0.99	128	-	0.97932	0.95064	0.99878
run_1024_128_0.99_-	1024	0.99	128	-	0.98707	0.97504	0.99912
run_2048_128_0.99_-	2048	0.99	128	-	0.99387	0.98949	0.99957
run_4096_128_0.99_-	4096	0.99	128	-	0.99703	0.99539	0.99957
run_8192_128_0.99_-	8192	0.99	128	-	0.99822	0.99729	0.99976
run_16384_128_0.99_-	16384	0.99	128	-	0.99874	0.99791	0.99992
run_32768_128_0.99_-	32768	0.99	128	-	0.99849	0.99773	0.99995
run_65536_128_0.99_-	65536	0.99	128	-	0.9995	0.99906	0.99999
run_64_256_0.99_-	64	0.99	256	-	0.98325	0.86668	0.9975
run_128_256_0.99_-	128	0.99	256	-	0.98282	0.91866	0.99751
run_256_256_0.99_-	256	0.99	256	-	0.98507	0.95365	0.9979
run_512_256_0.99_-	512	0.99	256	-	0.98884	0.97491	0.99829
run_1024_256_0.99_-	1024	0.99	256	-	0.99381	0.98888	0.99873
run_2048_256_0.99_-	2048	0.99	256	-	0.99675	0.99468	0.99944
run_4096_256_0.99_-	4096	0.99	256	-	0.99835	0.99765	0.99942
run_8192_256_0.99_-	8192	0.99	256	-	0.99929	0.99903	0.99971
run_16384_256_0.99_-	16384	0.99	256	-	0.99964	0.99947	0.99988
run_32768_256_0.99_-	32768	0.99	256	-	0.99971	0.9996	0.99993
run_65536_256_0.99_-	65536	0.99	256	-	0.99978	0.99959	0.99999
run_64_512_0.99_-	64	0.99	512	-	0.98997	0.93073	0.99721
run_128_512_0.99_-	128	0.99	512	-	0.99007	0.95877	0.99723
run_256_512_0.99_-	256	0.99	512	-	0.9921	0.97865	0.99759
run_512_512_0.99_-	512	0.99	512	-	0.99381	0.9875	0.99809
run_1024_512_0.99_-	1024	0.99	512	-	0.99657	0.99455	0.99859
run_2048_512_0.99_-	2048	0.99	512	-	0.99774	0.99648	0.99939
run_4096_512_0.99_-	4096	0.99	512	-	0.99925	0.99917	0.99936
run_8192_512_0.99_-	8192	0.99	512	-	0.99967	0.99965	0.99969
run_16384_512_0.99_-	16384	0.99	512	-	0.99971	0.9996	0.99988
run_32768_512_0.99_-	32768	0.99	512	-	0.99976	0.99967	0.99993
run_65536_512_0.99_-	65536	0.99	512	-	0.9998	0.99962	0.99999
run_64_1024_0.99_-	64	0.99	1024	-	0.99368	0.96598	0.99707
run_128_1024_0.99_-	128	0.99	1024	-	0.99364	0.97861	0.99708
run_256_1024_0.99_-	256	0.99	1024	-	0.99498	0.989	0.99743
run_512_1024_0.99_-	512	0.99	1024	-	0.99652	0.99446	0.99791
run_1024_1024_0.99_-	1024	0.99	1024	-	0.99814	0.99777	0.99851
run_2048_1024_0.99_-	2048	0.99	1024	-	0.99836	0.99761	0.99935
run_4096_1024_0.99_-	4096	0.99	1024	-	0.99954	0.99967	0.99934
run_8192_1024_0.99_-	8192	0.99	1024	-	0.99967	0.99965	0.99969
run_16384_1024_0.99_-	16384	0.99	1024	-	0.99973	0.99963	0.99988
run_32768_1024_0.99_-	32768	0.99	1024	-	0.99976	0.99967	0.99993
run_65536_1024_0.99_-	65536	0.99	1024	-	0.99989	0.99981	0.99999
run_64_2048_0.99_-	64	0.99	2048	-	0.99599	0.98779	0.99699
run_128_2048_0.99_-	128	0.99	2048	-	0.99588	0.99108	0.99698
run_256_2048_0.99_-	256	0.99	2048	-	0.99679	0.99545	0.99734
run_512_2048_0.99_-	512	0.99	2048	-	0.99771	0.99749	0.99786
run_1024_2048_0.99_-	1024	0.99	2048	-	0.99855	0.99863	0.99848
run_2048_2048_0.99_-	2048	0.99	2048	-	0.99893	0.99863	0.99933
run_4096_2048_0.99_-	4096	0.99	2048	-	0.99964	0.99984	0.99933
run_8192_2048_0.99_-	8192	0.99	2048	-	0.99985	0.99997	0.99967
run_16384_2048_0.99_-	16384	0.99	2048	-	0.99995	1	0.99988
run_32768_2048_0.99_-	32768	0.99	2048	-	0.99995	0.99997	0.99992
run_65536_2048_0.99_-	65536	0.99	2048	-	0.99999	1	0.99998
run_64_4096_0.99_-	64	0.99	4096	-	0.99663	0.99379	0.99697
run_128_4096_0.99_-	128	0.99	4096	-	0.99681	0.99618	0.99696
run_256_4096_0.99_-	256	0.99	4096	-	0.99724	0.99712	0.9973
run_512_4096_0.99_-	512	0.99	4096	-	0.99835	0.99913	0.99782
run_1024_4096_0.99_-	1024	0.99	4096	-	0.99894	0.99943	0.99846
run_2048_4096_0.99_-	2048	0.99	4096	-	0.99893	0.99863	0.99933
run_4096_4096_0.99_-	4096	0.99	4096	-	0.99974	1	0.99933
run_8192_4096_0.99_-	8192	0.99	4096	-	0.99987	1	0.99967
run_16384_4096_0.99_-	16384	0.99	4096	-	0.99995	1	0.99988
run_32768_4096_0.99_-	32768	0.99	4096	-	0.99995	0.99997	0.99992
run_65536_4096_0.99_-	65536	0.99	4096	-	0.99999	1	0.99998
run_64_64_0.95_-	64	0.95	64	-	0.89342	0.02203	0.99996
run_128_64_0.95_-	128	0.95	64	-	0.85706	0.23286	0.99996
run_256_64_0.95_-	256	0.95	64	-	0.77035	0.2083	0.99981
run_512_64_0.95_-	512	0.95	64	-	0.67688	0.20078	0.99996
run_1024_64_0.95_-	1024	0.95	64	-	0.60712	0.21462	0.99998
run_2048_64_0.95_-	2048	0.95	64	-	0.55889	0.22008	0.99995
run_4096_64_0.95_-	4096	0.95	64	-	0.53796	0.23808	0.99997
run_8192_64_0.95_-	8192	0.95	64	-	0.51998	0.22915	0.99999
run_16384_64_0.95_-	16384	0.95	64	-	0.54881	0.23514	1
run_32768_64_0.95_-	32768	0.95	64	-	0.49459	0.22888	1
run_65536_64_0.95_-	65536	0.95	64	-	0.59285	0.22349	1
run_64_128_0.95_-	64	0.95	128	-	0.89929	0.07755	0.99976
run_128_128_0.95_-	128	0.95	128	-	0.92372	0.5957	0.99882
run_256_128_0.95_-	256	0.95	128	-	0.90278	0.66773	0.99874
run_512_128_0.95_-	512	0.95	128	-	0.85938	0.65259	0.99971
run_1024_128_0.95_-	1024	0.95	128	-	0.8815	0.7633	0.9998
run_2048_128_0.95_-	2048	0.95	128	-	0.86757	0.76608	0.99968
run_4096_128_0.95_-	4096	0.95	128	-	0.88009	0.80236	0.99985
run_8192_128_0.95_-	8192	0.95	128	-	0.87446	0.79842	0.99995
run_16384_128_0.95_-	16384	0.95	128	-	0.88129	0.79879	0.99996
run_32768_128_0.95_-	32768	0.95	128	-	0.87598	0.81079	0.99997
run_65536_128_0.95_-	65536	0.95	128	-	0.89589	0.80144	1
run_64_256_0.95_-	64	0.95	256	-	0.90191	0.10232	0.99967
run_128_256_0.95_-	128	0.95	256	-	0.95842	0.78607	0.99788
run_256_256_0.95_-	256	0.95	256	-	0.97188	0.90776	0.99806
run_512_256_0.95_-	512	0.95	256	-	0.94698	0.8699	0.99929
run_1024_256_0.95_-	1024	0.95	256	-	0.96641	0.93331	0.99954
run_2048_256_0.95_-	2048	0.95	256	-	0.99213	0.98647	0.99951
run_4096_256_0.95_-	4096	0.95	256	-	0.9882	0.98079	0.99962
run_8192_256_0.95_-	8192	0.95	256	-	0.98965	0.98349	0.99981
run_16384_256_0.95_-	16384	0.95	256	-	0.99361	0.98922	0.99992
run_32768_256_0.95_-	32768	0.95	256	-	0.99378	0.99053	0.99995
run_65536_256_0.95_-	65536	0.95	256	-	0.99616	0.99268	1
run_64_512_0.95_-	64	0.95	512	-	0.90308	0.11335	0.99963
run_128_512_0.95_-	128	0.95	512	-	0.97573	0.88091	0.99744
run_256_512_0.95_-	256	0.95	512	-	0.98368	0.94933	0.9977
run_512_512_0.95_-	512	0.95	512	-	0.97123	0.93039	0.99893
run_1024_512_0.95_-	1024	0.95	512	-	0.98078	0.96224	0.99933
run_2048_512_0.95_-	2048	0.95	512	-	0.99614	0.99361	0.99943
run_4096_512_0.95_-	4096	0.95	512	-	0.99461	0.99148	0.99944
run_8192_512_0.95_-	8192	0.95	512	-	0.99502	0.99216	0.99974
run_16384_512_0.95_-	16384	0.95	512	-	0.99739	0.99565	0.99989
run_32768_512_0.95_-	32768	0.95	512	-	0.9978	0.99668	0.99993
run_65536_512_0.95_-	65536	0.95	512	-	0.99851	0.99717	1
run_64_1024_0.95_-	64	0.95	1024	-	0.90321	0.11454	0.99963
run_128_1024_0.95_-	128	0.95	1024	-	0.98419	0.92728	0.99722
run_256_1024_0.95_-	256	0.95	1024	-	0.99075	0.97427	0.99748
run_512_1024_0.95_-	512	0.95	1024	-	0.98387	0.96203	0.99869
run_1024_1024_0.95_-	1024	0.95	1024	-	0.98948	0.97974	0.99923
run_2048_1024_0.95_-	2048	0.95	1024	-	0.99778	0.99654	0.99938
run_4096_1024_0.95_-	4096	0.95	1024	-	0.99786	0.9969	0.99935
run_8192_1024_0.95_-	8192	0.95	1024	-	0.99738	0.99598	0.9997
run_16384_1024_0.95_-	16384	0.95	1024	-	0.99785	0.99644	0.99989
run_32768_1024_0.95_-	32768	0.95	1024	-	0.99862	0.99792	0.99993
run_65536_1024_0.95_-	65536	0.95	1024	-	0.9992	0.99848	1
run_64_2048_0.95_-	64	0.95	2048	-	0.92953	0.36228	0.99888
run_128_2048_0.95_-	128	0.95	2048	-	0.98972	0.95755	0.99709
run_256_2048_0.95_-	256	0.95	2048	-	0.99517	0.98978	0.99737
run_512_2048_0.95_-	512	0.95	2048	-	0.99222	0.98286	0.99857
run_1024_2048_0.95_-	1024	0.95	2048	-	0.99259	0.986	0.99919
run_2048_2048_0.95_-	2048	0.95	2048	-	0.99856	0.99795	0.99936
run_4096_2048_0.95_-	4096	0.95	2048	-	0.99877	0.99841	0.99934
run_8192_2048_0.95_-	8192	0.95	2048	-	0.99874	0.99819	0.99967
run_16384_2048_0.95_-	16384	0.95	2048	-	0.99872	0.99791	0.99988
run_32768_2048_0.95_-	32768	0.95	2048	-	0.99925	0.9989	0.99992
run_65536_2048_0.95_-	65536	0.95	2048	-	0.99961	0.99926	1
run_64_4096_0.95_-	64	0.95	4096	-	0.94392	0.49797	0.99844
run_128_4096_0.95_-	128	0.95	4096	-	0.99443	0.98321	0.997
run_256_4096_0.95_-	256	0.95	4096	-	0.99657	0.99476	0.99731
run_512_4096_0.95_-	512	0.95	4096	-	0.99533	0.99063	0.99852
run_1024_4096_0.95_-	1024	0.95	4096	-	0.99388	0.98861	0.99916
run_2048_4096_0.95_-	2048	0.95	4096	-	0.99877	0.99832	0.99936
run_4096_4096_0.95_-	4096	0.95	4096	-	0.99935	0.99936	0.99934
run_8192_4096_0.95_-	8192	0.95	4096	-	0.99937	0.9992	0.99967
run_16384_4096_0.95_-	16384	0.95	4096	-	0.99924	0.9988	0.99988
run_32768_4096_0.95_-	32768	0.95	4096	-	0.99952	0.9993	0.99992
run_65536_4096_0.95_-	65536	0.95	4096	-	0.99978	0.99958	1
run_128_64_0.90_-	128	0.9	64	-	0.81873	0.02692	1
run_256_64_0.90_-	256	0.9	64	-	0.71622	0.02122	0.99997
run_512_64_0.90_-	512	0.9	64	-	0.60282	0.01753	1
run_1024_64_0.90_-	1024	0.9	64	-	0.50543	0.01132	1
run_2048_64_0.90_-	2048	0.9	64	-	0.45152	0.03019	1
run_4096_64_0.90_-	4096	0.9	64	-	0.41733	0.03912	1
run_8192_64_0.90_-	8192	0.9	64	-	0.39754	0.03251	1
run_16384_64_0.90_-	16384	0.9	64	-	0.42717	0.02893	1
run_32768_64_0.90_-	32768	0.9	64	-	0.36661	0.03361	1
run_65536_64_0.90_-	65536	0.9	64	-	0.48943	0.02624	1
run_64_128_0.90_-	64	0.9	128	-	0.89118	0.00119	1
run_128_128_0.90_-	128	0.9	128	-	0.83289	0.10343	0.99989
run_256_128_0.90_-	256	0.9	128	-	0.73489	0.08583	0.99988
run_512_128_0.90_-	512	0.9	128	-	0.66361	0.16802	0.99992
run_1024_128_0.90_-	1024	0.9	128	-	0.55344	0.10732	0.99997
run_2048_128_0.90_-	2048	0.9	128	-	0.5419	0.19002	0.99998
run_4096_128_0.90_-	4096	0.9	128	-	0.52823	0.22202	0.99999
run_8192_128_0.90_-	8192	0.9	128	-	0.51901	0.2276	0.99998
run_16384_128_0.90_-	16384	0.9	128	-	0.54256	0.22455	0.99999
run_32768_128_0.90_-	32768	0.9	128	-	0.49728	0.23298	1
run_65536_128_0.90_-	65536	0.9	128	-	0.59587	0.22925	1
run_64_256_0.90_-	64	0.9	256	-	0.89118	0.00119	1
run_128_256_0.90_-	128	0.9	256	-	0.84177	0.15156	0.99978
run_256_256_0.90_-	256	0.9	256	-	0.79175	0.28233	0.99974
run_512_256_0.90_-	512	0.9	256	-	0.82255	0.56144	0.99975
run_1024_256_0.90_-	1024	0.9	256	-	0.70559	0.41149	0.99996
run_2048_256_0.90_-	2048	0.9	256	-	0.76468	0.584	0.99989
run_4096_256_0.90_-	4096	0.9	256	-	0.75961	0.60368	0.99984
run_8192_256_0.90_-	8192	0.9	256	-	0.79025	0.66322	0.99989
run_16384_256_0.90_-	16384	0.9	256	-	0.80746	0.67362	0.99997
run_32768_256_0.90_-	32768	0.9	256	-	0.78136	0.66641	1
run_65536_256_0.90_-	65536	0.9	256	-	0.82164	0.65984	1
run_64_512_0.90_-	64	0.9	512	-	0.89119	0.00119	1
run_128_512_0.90_-	128	0.9	512	-	0.84636	0.17651	0.9997
run_256_512_0.90_-	256	0.9	512	-	0.83491	0.43172	0.9995
run_512_512_0.90_-	512	0.9	512	-	0.91689	0.79541	0.99931
run_1024_512_0.90_-	1024	0.9	512	-	0.87941	0.75908	0.99984
run_2048_512_0.90_-	2048	0.9	512	-	0.93607	0.88716	0.99973
run_4096_512_0.90_-	4096	0.9	512	-	0.93995	0.90118	0.99966
run_8192_512_0.90_-	8192	0.9	512	-	0.96088	0.9373	0.99979
run_16384_512_0.90_-	16384	0.9	512	-	0.96529	0.94122	0.99991
run_32768_512_0.90_-	32768	0.9	512	-	0.96672	0.94923	0.99999
run_65536_512_0.90_-	65536	0.9	512	-	0.97059	0.94391	1
run_64_1024_0.90_-	64	0.9	1024	-	0.89132	0.00239	1
run_128_1024_0.90_-	128	0.9	1024	-	0.84898	0.19075	0.99966
run_256_1024_0.90_-	256	0.9	1024	-	0.85802	0.51166	0.99941
run_512_1024_0.90_-	512	0.9	1024	-	0.95272	0.8845	0.99901
run_1024_1024_0.90_-	1024	0.9	1024	-	0.9327	0.86571	0.99976
run_2048_1024_0.90_-	2048	0.9	1024	-	0.97852	0.96237	0.99955
run_4096_1024_0.90_-	4096	0.9	1024	-	0.98577	0.97687	0.99948
run_8192_1024_0.90_-	8192	0.9	1024	-	0.98962	0.98351	0.9997
run_16384_1024_0.90_-	16384	0.9	1024	-	0.99341	0.9889	0.99989
run_32768_1024_0.90_-	32768	0.9	1024	-	0.99445	0.99154	0.99998
run_65536_1024_0.90_-	65536	0.9	1024	-	0.99631	0.99297	1
run_64_2048_0.90_-	64	0.9	2048	-	0.89259	0.01432	0.99996
run_128_2048_0.90_-	128	0.9	2048	-	0.8873	0.39799	0.99931
run_256_2048_0.90_-	256	0.9	2048	-	0.88761	0.61416	0.99925
run_512_2048_0.90_-	512	0.9	2048	-	0.97642	0.94335	0.99887
run_1024_2048_0.90_-	1024	0.9	2048	-	0.96175	0.92381	0.99972
run_2048_2048_0.90_-	2048	0.9	2048	-	0.98905	0.98105	0.99947
run_4096_2048_0.90_-	4096	0.9	2048	-	0.99283	0.98858	0.99939
run_8192_2048_0.90_-	8192	0.9	2048	-	0.99459	0.99151	0.99967
run_16384_2048_0.90_-	16384	0.9	2048	-	0.99628	0.99378	0.99988
run_32768_2048_0.90_-	32768	0.9	2048	-	0.99749	0.99618	0.99998
run_65536_2048_0.90_-	65536	0.9	2048	-	0.99812	0.99641	1
run_64_4096_0.90_-	64	0.9	4096	-	0.89296	0.0179	0.99995
run_128_4096_0.90_-	128	0.9	4096	-	0.91899	0.56923	0.99905
run_256_4096_0.90_-	256	0.9	4096	-	0.90246	0.66556	0.99918
run_512_4096_0.90_-	512	0.9	4096	-	0.98578	0.96661	0.99878
run_1024_4096_0.90_-	1024	0.9	4096	-	0.97542	0.95117	0.99969
run_2048_4096_0.90_-	2048	0.9	4096	-	0.9935	0.98893	0.99946
run_4096_4096_0.90_-	4096	0.9	4096	-	0.99616	0.99408	0.99936
run_8192_4096_0.90_-	8192	0.9	4096	-	0.99736	0.99596	0.99967
run_16384_4096_0.90_-	16384	0.9	4096	-	0.99802	0.99672	0.99988
run_32768_4096_0.90_-	32768	0.9	4096	-	0.99865	0.99796	0.99998
run_65536_4096_0.90_-	65536	0.9	4096	-	0.99915	0.99838	1
