sim-sequence_0-9999	500	0	10000	+	sim-sequence	10000	0	10000	10000	10000	0
sim-sequence_1000-1999	500	1000	2000	-	sim-sequence	10000	3999	4999	992	1000	0
sim-sequence_2203-2699	500	2203	2700	+	sim-sequence	10000	5203	5700	474	497	0
sim-sequence_4000-4999	500	4000	5000	-	sim-sequence	10000	999	1999	992	1000	0
sim-sequence_5203-5699	500	5203	5700	+	sim-sequence	10000	2203	2700	474	497	0
sim-sequence_5500-5999	500	5799	6000	+	sim-sequence	10000	9099	9300	192	201	0
sim-sequence_6000-6499	500	6003	6500	-	sim-sequence	10000	8499	8996	456	497	0
sim-sequence_6500-6999	500	6510	6997	-	sim-sequence	10000	8002	8489	431	487	0
sim-sequence_8002-8995	500	8002	8996	-	sim-sequence	10000	6003	6997	895	994	0
sim-sequence_9000-9499	500	9099	9300	+	sim-sequence	10000	5799	6000	192	201	0
