cluster14_h1tg000007l:4593359-4929677_0-9999	10000	7292	7366	-	chr8:2023351-2508385	485034	140259	140333	65	74	0
cluster14_h1tg000007l:4593359-4929677_0-9999	10000	7300	7463	+	chr8:2023351-2508385	485034	8675	8838	141	163	0
cluster14_h1tg000007l:4593359-4929677_0-9999	10000	7537	7621	-	chr8:2023351-2508385	485034	454129	454213	79	84	0
cluster14_h1tg000007l:4593359-4929677_0-9999	10000	7537	7621	+	chr8:2023351-2508385	485034	218695	218775	75	84	0
cluster14_h1tg000007l:4593359-4929677_0-9999	10000	7638	7879	-	chr8:2023351-2508385	485034	345855	346095	219	241	0
cluster14_h1tg000007l:4593359-4929677_0-9999	10000	7638	7846	+	chr8:2023351-2508385	485034	295257	295464	192	208	0
cluster14_h1tg000007l:4593359-4929677_0-9999	10000	7638	7846	-	chr8:2023351-2508385	485034	379560	379767	192	208	0
cluster14_h1tg000007l:4593359-4929677_0-9999	10000	7639	7846	-	chr8:2023351-2508385	485034	395282	395488	190	207	0
cluster14_h1tg000007l:4593359-4929677_0-9999	10000	7639	7846	+	chr8:2023351-2508385	485034	279536	279742	190	207	0
cluster14_h1tg000007l:4593359-4929677_0-9999	10000	7639	7846	-	chr8:2023351-2508385	485034	318575	318780	190	207	0
cluster14_h1tg000007l:4593359-4929677_0-9999	10000	7639	7846	+	chr8:2023351-2508385	485034	144084	144290	187	207	0
cluster14_h1tg000007l:4593359-4929677_0-9999	10000	7910	8508	+	chr8:2023351-2508385	485034	346242	346843	513	601	0
cluster14_h1tg000007l:4593359-4929677_0-9999	10000	7916	8492	-	chr8:2023351-2508385	485034	194440	195019	500	580	0
cluster14_h1tg000007l:4593359-4929677_0-9999	10000	7916	8510	-	chr8:2023351-2508385	485034	143335	143932	512	598	0
cluster14_h1tg000007l:4593359-4929677_0-9999	10000	7942	8508	+	chr8:2023351-2508385	485034	395668	396237	489	570	0
cluster14_h1tg000007l:4593359-4929677_0-9999	10000	7942	8508	-	chr8:2023351-2508385	485034	278787	279356	489	570	0
cluster14_h1tg000007l:4593359-4929677_0-9999	10000	7942	8415	-	chr8:2023351-2508385	485034	294603	295078	407	475	0
cluster14_h1tg000007l:4593359-4929677_0-9999	10000	7942	8415	+	chr8:2023351-2508385	485034	379946	380421	407	475	0
cluster14_h1tg000007l:4593359-4929677_0-9999	10000	7995	8358	-	chr8:2023351-2508385	485034	355667	356032	319	365	0
cluster14_h1tg000007l:4593359-4929677_0-9999	10000	7995	8358	+	chr8:2023351-2508385	485034	318996	319361	318	365	0
cluster14_h1tg000007l:4593359-4929677_10000-19999	10000	10088	10342	-	chr8:2023351-2508385	485034	124352	124608	223	256	0
cluster14_h1tg000007l:4593359-4929677_10000-19999	10000	10121	10343	+	chr8:2023351-2508385	485034	291982	292206	191	224	0
cluster14_h1tg000007l:4593359-4929677_10000-19999	10000	10121	10343	-	chr8:2023351-2508385	485034	382818	383042	191	224	0
cluster14_h1tg000007l:4593359-4929677_10000-19999	10000	10149	10314	+	chr8:2023351-2508385	485034	77777	77949	149	172	0
cluster14_h1tg000007l:4593359-4929677_10000-19999	10000	10149	10321	-	chr8:2023351-2508385	485034	129911	130091	151	181	0
cluster14_h1tg000007l:4593359-4929677_10000-19999	10000	10156	10314	-	chr8:2023351-2508385	485034	429604	429762	137	159	0
cluster14_h1tg000007l:4593359-4929677_10000-19999	10000	10156	10314	+	chr8:2023351-2508385	485034	245273	245431	137	159	0
cluster14_h1tg000007l:4593359-4929677_10000-19999	10000	10850	11096	+	chr8:2023351-2508385	485034	51143	51391	210	249	0
cluster14_h1tg000007l:4593359-4929677_10000-19999	10000	10873	11105	+	chr8:2023351-2508385	485034	167193	167425	209	232	0
cluster14_h1tg000007l:4593359-4929677_10000-19999	10000	10874	11085	-	chr8:2023351-2508385	485034	8636	8845	191	211	0
cluster14_h1tg000007l:4593359-4929677_10000-19999	10000	10881	11096	-	chr8:2023351-2508385	485034	330937	331146	187	215	0
cluster14_h1tg000007l:4593359-4929677_10000-19999	10000	10881	11089	+	chr8:2023351-2508385	485034	382848	383056	180	208	0
cluster14_h1tg000007l:4593359-4929677_10000-19999	10000	10881	11089	-	chr8:2023351-2508385	485034	291968	292176	180	208	0
cluster14_h1tg000007l:4593359-4929677_10000-19999	10000	10881	11096	+	chr8:2023351-2508385	485034	162844	163059	183	215	0
cluster14_h1tg000007l:4593359-4929677_10000-19999	10000	10914	11073	+	chr8:2023351-2508385	485034	34771	34930	141	159	0
cluster14_h1tg000007l:4593359-4929677_10000-19999	10000	10925	11089	+	chr8:2023351-2508385	485034	151875	152041	145	166	0
cluster14_h1tg000007l:4593359-4929677_10000-19999	10000	10972	11096	+	chr8:2023351-2508385	485034	110271	110395	117	124	0
cluster14_h1tg000007l:4593359-4929677_10000-19999	10000	10972	11096	-	chr8:2023351-2508385	485034	403202	403326	115	124	0
cluster14_h1tg000007l:4593359-4929677_10000-19999	10000	10972	11096	+	chr8:2023351-2508385	485034	271698	271822	115	124	0
cluster14_h1tg000007l:4593359-4929677_10000-19999	10000	10977	11056	+	chr8:2023351-2508385	485034	130023	130102	76	79	0
cluster14_h1tg000007l:4593359-4929677_10000-19999	10000	10977	11102	-	chr8:2023351-2508385	485034	310409	310532	112	125	0
cluster14_h1tg000007l:4593359-4929677_10000-19999	10000	10977	11096	+	chr8:2023351-2508385	485034	364493	364610	107	119	0
cluster14_h1tg000007l:4593359-4929677_10000-19999	10000	10978	11073	+	chr8:2023351-2508385	485034	140259	140354	89	95	0
cluster14_h1tg000007l:4593359-4929677_10000-19999	10000	12579	12725	+	chr8:2023351-2508385	485034	195357	195506	132	149	0
cluster14_h1tg000007l:4593359-4929677_10000-19999	10000	12579	12688	-	chr8:2023351-2508385	485034	248140	248249	98	109	0
cluster14_h1tg000007l:4593359-4929677_10000-19999	10000	12579	12688	+	chr8:2023351-2508385	485034	426786	426895	98	109	0
cluster14_h1tg000007l:4593359-4929677_10000-19999	10000	12583	12725	+	chr8:2023351-2508385	485034	162812	162954	126	142	0
cluster14_h1tg000007l:4593359-4929677_10000-19999	10000	12584	12725	+	chr8:2023351-2508385	485034	119444	119585	123	141	0
cluster14_h1tg000007l:4593359-4929677_10000-19999	10000	12584	12830	+	chr8:2023351-2508385	485034	110149	110397	207	248	0
cluster14_h1tg000007l:4593359-4929677_10000-19999	10000	14951	15092	+	chr8:2023351-2508385	485034	53677	53817	116	142	0
cluster14_h1tg000007l:4593359-4929677_10000-19999	10000	14952	15084	+	chr8:2023351-2508385	485034	310401	310532	115	133	0
cluster14_h1tg000007l:4593359-4929677_10000-19999	10000	14961	15156	-	chr8:2023351-2508385	485034	167224	167421	170	197	0
cluster14_h1tg000007l:4593359-4929677_10000-19999	10000	14962	15084	-	chr8:2023351-2508385	485034	151929	152052	113	123	0
cluster14_h1tg000007l:4593359-4929677_10000-19999	10000	14962	15107	-	chr8:2023351-2508385	485034	124454	124600	131	146	0
cluster14_h1tg000007l:4593359-4929677_10000-19999	10000	14974	15089	-	chr8:2023351-2508385	485034	110271	110387	106	116	0
cluster14_h1tg000007l:4593359-4929677_10000-19999	10000	14974	15089	-	chr8:2023351-2508385	485034	195487	195603	104	116	0
cluster14_h1tg000007l:4593359-4929677_10000-19999	10000	14974	15084	-	chr8:2023351-2508385	485034	364493	364602	97	111	0
cluster14_h1tg000007l:4593359-4929677_10000-19999	10000	15010	15083	-	chr8:2023351-2508385	485034	140259	140332	72	73	0
cluster14_h1tg000007l:4593359-4929677_10000-19999	10000	15010	15089	-	chr8:2023351-2508385	485034	271698	271777	75	79	0
cluster14_h1tg000007l:4593359-4929677_10000-19999	10000	15010	15089	-	chr8:2023351-2508385	485034	34829	34908	75	79	0
cluster14_h1tg000007l:4593359-4929677_10000-19999	10000	15010	15089	+	chr8:2023351-2508385	485034	403247	403326	75	79	0
cluster14_h1tg000007l:4593359-4929677_10000-19999	10000	15010	15089	-	chr8:2023351-2508385	485034	127370	127449	73	79	0
cluster14_h1tg000007l:4593359-4929677_10000-19999	10000	15017	15089	+	chr8:2023351-2508385	485034	8675	8747	69	72	0
cluster14_h1tg000007l:4593359-4929677_10000-19999	10000	15951	16228	-	chr8:2023351-2508385	485034	218059	218332	236	277	0
cluster14_h1tg000007l:4593359-4929677_10000-19999	10000	15951	16228	+	chr8:2023351-2508385	485034	454576	454849	236	277	0
cluster14_h1tg000007l:4593359-4929677_10000-19999	10000	15954	16239	+	chr8:2023351-2508385	485034	36395	36679	244	285	0
cluster14_h1tg000007l:4593359-4929677_10000-19999	10000	15981	16229	+	chr8:2023351-2508385	485034	162804	163052	214	248	0
cluster14_h1tg000007l:4593359-4929677_10000-19999	10000	15989	16142	-	chr8:2023351-2508385	485034	365021	365175	138	154	0
cluster14_h1tg000007l:4593359-4929677_10000-19999	10000	15989	16142	+	chr8:2023351-2508385	485034	309849	310004	138	155	0
cluster14_h1tg000007l:4593359-4929677_10000-19999	10000	15990	16250	+	chr8:2023351-2508385	485034	167170	167430	230	260	0
cluster14_h1tg000007l:4593359-4929677_10000-19999	10000	15990	16240	+	chr8:2023351-2508385	485034	466549	466797	209	251	0
cluster14_h1tg000007l:4593359-4929677_10000-19999	10000	15994	16156	-	chr8:2023351-2508385	485034	42029	42192	146	163	0
cluster14_h1tg000007l:4593359-4929677_10000-19999	10000	16002	16240	-	chr8:2023351-2508385	485034	207924	208161	202	239	0
cluster14_h1tg000007l:4593359-4929677_10000-19999	10000	16012	16157	+	chr8:2023351-2508385	485034	129910	130063	127	153	0
cluster14_h1tg000007l:4593359-4929677_10000-19999	10000	16013	16239	+	chr8:2023351-2508385	485034	401451	401677	197	226	0
cluster14_h1tg000007l:4593359-4929677_10000-19999	10000	16013	16239	-	chr8:2023351-2508385	485034	273347	273573	197	226	0
cluster14_h1tg000007l:4593359-4929677_20000-29999	10000	23368	23495	+	chr8:2023351-2508385	485034	8679	8806	112	129	0
cluster14_h1tg000007l:4593359-4929677_20000-29999	10000	25418	25564	-	chr8:2023351-2508385	485034	82479	82625	126	146	0
cluster14_h1tg000007l:4593359-4929677_20000-29999	10000	26106	26349	+	chr8:2023351-2508385	485034	310399	310651	216	254	0
cluster14_h1tg000007l:4593359-4929677_20000-29999	10000	26120	26341	-	chr8:2023351-2508385	485034	195387	195613	203	226	0
cluster14_h1tg000007l:4593359-4929677_20000-29999	10000	26136	26356	-	chr8:2023351-2508385	485034	167180	167400	198	220	0
cluster14_h1tg000007l:4593359-4929677_20000-29999	10000	26139	26356	-	chr8:2023351-2508385	485034	140135	140358	195	223	0
cluster14_h1tg000007l:4593359-4929677_20000-29999	10000	26140	26356	+	chr8:2023351-2508385	485034	263054	263270	193	216	0
cluster14_h1tg000007l:4593359-4929677_20000-29999	10000	26140	26356	-	chr8:2023351-2508385	485034	411754	411970	193	216	0
cluster14_h1tg000007l:4593359-4929677_20000-29999	10000	26140	26351	-	chr8:2023351-2508385	485034	432741	432948	182	211	0
cluster14_h1tg000007l:4593359-4929677_20000-29999	10000	26140	26351	+	chr8:2023351-2508385	485034	242087	242294	182	211	0
cluster14_h1tg000007l:4593359-4929677_20000-29999	10000	26146	26356	-	chr8:2023351-2508385	485034	108342	108551	189	211	0
cluster14_h1tg000007l:4593359-4929677_20000-29999	10000	26146	26401	-	chr8:2023351-2508385	485034	34663	34927	223	264	0
cluster14_h1tg000007l:4593359-4929677_20000-29999	10000	26157	26337	-	chr8:2023351-2508385	485034	336907	337092	163	185	0
cluster14_h1tg000007l:4593359-4929677_20000-29999	10000	26163	26337	+	chr8:2023351-2508385	485034	292004	292178	158	174	0
cluster14_h1tg000007l:4593359-4929677_20000-29999	10000	26163	26337	-	chr8:2023351-2508385	485034	382846	383020	158	174	0
cluster14_h1tg000007l:4593359-4929677_20000-29999	10000	26163	26400	-	chr8:2023351-2508385	485034	465498	465747	205	249	0
cluster14_h1tg000007l:4593359-4929677_20000-29999	10000	26163	26343	-	chr8:2023351-2508385	485034	129911	130099	161	188	0
cluster14_h1tg000007l:4593359-4929677_20000-29999	10000	26164	26251	+	chr8:2023351-2508385	485034	403246	403333	83	87	0
cluster14_h1tg000007l:4593359-4929677_20000-29999	10000	26164	26251	-	chr8:2023351-2508385	485034	271691	271778	83	87	0
cluster14_h1tg000007l:4593359-4929677_20000-29999	10000	26217	26394	-	chr8:2023351-2508385	485034	197050	197217	146	177	0
cluster14_h1tg000007l:4593359-4929677_20000-29999	10000	26261	26403	+	chr8:2023351-2508385	485034	1370	1518	124	151	0
cluster14_h1tg000007l:4593359-4929677_20000-29999	10000	27225	27371	-	chr8:2023351-2508385	485034	108292	108437	121	146	0
cluster14_h1tg000007l:4593359-4929677_20000-29999	10000	27226	27373	+	chr8:2023351-2508385	485034	253741	253884	124	147	0
cluster14_h1tg000007l:4593359-4929677_20000-29999	10000	29229	29452	-	chr8:2023351-2508385	485034	2231	2454	193	223	0
cluster14_h1tg000007l:4593359-4929677_20000-29999	10000	29231	29459	-	chr8:2023351-2508385	485034	167193	167421	199	228	0
cluster14_h1tg000007l:4593359-4929677_20000-29999	10000	29232	29472	+	chr8:2023351-2508385	485034	41947	42186	199	241	0
cluster14_h1tg000007l:4593359-4929677_20000-29999	10000	29233	29474	-	chr8:2023351-2508385	485034	336886	337132	206	246	0
cluster14_h1tg000007l:4593359-4929677_20000-29999	10000	29243	29459	+	chr8:2023351-2508385	485034	330944	331154	182	216	0
cluster14_h1tg000007l:4593359-4929677_20000-29999	10000	29310	29423	-	chr8:2023351-2508385	485034	34766	34879	100	113	0
cluster14_h1tg000007l:4593359-4929677_20000-29999	10000	29326	29451	+	chr8:2023351-2508385	485034	8713	8838	113	125	0
cluster14_h1tg000007l:4593359-4929677_20000-29999	10000	29344	29474	+	chr8:2023351-2508385	485034	181956	182086	118	130	0
cluster14_h1tg000007l:4593359-4929677_20000-29999	10000	29607	29901	-	chr8:2023351-2508385	485034	429538	429831	249	295	0
cluster14_h1tg000007l:4593359-4929677_20000-29999	10000	29607	29901	+	chr8:2023351-2508385	485034	245204	245497	249	295	0
cluster14_h1tg000007l:4593359-4929677_20000-29999	10000	29613	29904	+	chr8:2023351-2508385	485034	310410	310707	246	300	0
cluster14_h1tg000007l:4593359-4929677_20000-29999	10000	29614	29903	-	chr8:2023351-2508385	485034	124312	124600	246	289	0
cluster14_h1tg000007l:4593359-4929677_20000-29999	10000	29614	29904	+	chr8:2023351-2508385	485034	207924	208219	250	297	0
cluster14_h1tg000007l:4593359-4929677_20000-29999	10000	29614	29904	-	chr8:2023351-2508385	485034	364318	364614	245	299	0
cluster14_h1tg000007l:4593359-4929677_20000-29999	10000	29614	29904	+	chr8:2023351-2508385	485034	403564	403852	235	291	0
cluster14_h1tg000007l:4593359-4929677_20000-29999	10000	29614	29904	-	chr8:2023351-2508385	485034	271172	271460	235	291	0
cluster14_h1tg000007l:4593359-4929677_20000-29999	10000	29615	29834	-	chr8:2023351-2508385	485034	110179	110398	192	219	0
cluster14_h1tg000007l:4593359-4929677_20000-29999	10000	29615	29904	+	chr8:2023351-2508385	485034	247996	248283	243	290	0
cluster14_h1tg000007l:4593359-4929677_20000-29999	10000	29615	29904	-	chr8:2023351-2508385	485034	426752	427039	243	290	0
cluster14_h1tg000007l:4593359-4929677_20000-29999	10000	29624	29899	+	chr8:2023351-2508385	485034	337838	338111	226	276	0
cluster14_h1tg000007l:4593359-4929677_20000-29999	10000	29662	29872	-	chr8:2023351-2508385	485034	271569	271778	171	210	0
cluster14_h1tg000007l:4593359-4929677_20000-29999	10000	29662	29872	+	chr8:2023351-2508385	485034	403246	403455	171	210	0
cluster14_h1tg000007l:4593359-4929677_20000-29999	10000	29687	29873	-	chr8:2023351-2508385	485034	51135	51320	157	186	0
cluster14_h1tg000007l:4593359-4929677_20000-29999	10000	29802	29891	-	chr8:2023351-2508385	485034	133557	133645	80	89	0
cluster14_h1tg000007l:4593359-4929677_30000-39999	10000	35085	35293	+	chr8:2023351-2508385	485034	271571	271778	174	208	0
cluster14_h1tg000007l:4593359-4929677_30000-39999	10000	35085	35293	-	chr8:2023351-2508385	485034	403246	403453	174	208	0
cluster14_h1tg000007l:4593359-4929677_30000-39999	10000	35085	35276	+	chr8:2023351-2508385	485034	51138	51328	163	191	0
cluster14_h1tg000007l:4593359-4929677_30000-39999	10000	35085	35195	-	chr8:2023351-2508385	485034	1370	1480	97	110	0
cluster14_h1tg000007l:4593359-4929677_30000-39999	10000	35121	35336	+	chr8:2023351-2508385	485034	129919	130141	189	223	0
cluster14_h1tg000007l:4593359-4929677_30000-39999	10000	35199	35326	+	chr8:2023351-2508385	485034	110258	110384	117	127	0
cluster14_h1tg000007l:4593359-4929677_60000-69999	10000	61310	61469	-	chr8:2023351-2508385	485034	326575	326736	123	169	0
cluster14_h1tg000007l:4593359-4929677_60000-69999	10000	61416	61486	-	chr8:2023351-2508385	485034	219606	219680	68	74	0
cluster14_h1tg000007l:4593359-4929677_70000-79999	10000	71328	71442	+	chr8:2023351-2508385	485034	184696	184806	94	118	0
cluster14_h1tg000007l:4593359-4929677_70000-79999	10000	71469	71578	-	chr8:2023351-2508385	485034	326452	326562	93	110	0
cluster14_h1tg000007l:4593359-4929677_70000-79999	10000	73193	73440	+	chr8:2023351-2508385	485034	119446	119693	222	249	0
cluster14_h1tg000007l:4593359-4929677_70000-79999	10000	73193	73440	+	chr8:2023351-2508385	485034	110151	110398	219	249	0
cluster14_h1tg000007l:4593359-4929677_70000-79999	10000	73193	73440	+	chr8:2023351-2508385	485034	195364	195614	221	252	0
cluster14_h1tg000007l:4593359-4929677_70000-79999	10000	73193	73451	+	chr8:2023351-2508385	485034	51145	51405	219	261	0
cluster14_h1tg000007l:4593359-4929677_70000-79999	10000	73193	73447	-	chr8:2023351-2508385	485034	53682	53934	215	254	0
cluster14_h1tg000007l:4593359-4929677_70000-79999	10000	73193	73426	+	chr8:2023351-2508385	485034	214716	214949	197	235	0
cluster14_h1tg000007l:4593359-4929677_70000-79999	10000	73208	73451	-	chr8:2023351-2508385	485034	207914	208156	214	244	0
cluster14_h1tg000007l:4593359-4929677_70000-79999	10000	73212	73441	+	chr8:2023351-2508385	485034	167191	167420	203	231	0
cluster14_h1tg000007l:4593359-4929677_70000-79999	10000	73213	73453	+	chr8:2023351-2508385	485034	466571	466809	210	241	0
cluster14_h1tg000007l:4593359-4929677_70000-79999	10000	73220	73442	+	chr8:2023351-2508385	485034	364386	364615	197	231	0
cluster14_h1tg000007l:4593359-4929677_70000-79999	10000	73220	73441	-	chr8:2023351-2508385	485034	310411	310639	196	230	0
cluster14_h1tg000007l:4593359-4929677_70000-79999	10000	73221	73441	-	chr8:2023351-2508385	485034	77722	77949	194	229	0
cluster14_h1tg000007l:4593359-4929677_70000-79999	10000	73221	73441	+	chr8:2023351-2508385	485034	429604	429824	192	223	0
cluster14_h1tg000007l:4593359-4929677_70000-79999	10000	73221	73441	-	chr8:2023351-2508385	485034	245211	245431	192	223	0
cluster14_h1tg000007l:4593359-4929677_70000-79999	10000	73221	73339	+	chr8:2023351-2508385	485034	197098	197216	102	118	0
cluster14_h1tg000007l:4593359-4929677_70000-79999	10000	73245	73442	+	chr8:2023351-2508385	485034	271630	271827	175	199	0
cluster14_h1tg000007l:4593359-4929677_70000-79999	10000	73245	73442	-	chr8:2023351-2508385	485034	403197	403394	175	199	0
cluster14_h1tg000007l:4593359-4929677_70000-79999	10000	73246	73440	-	chr8:2023351-2508385	485034	154166	154360	172	196	0
cluster14_h1tg000007l:4593359-4929677_70000-79999	10000	73317	73429	+	chr8:2023351-2508385	485034	135186	135298	102	114	0
cluster14_h1tg000007l:4593359-4929677_70000-79999	10000	74569	74803	+	chr8:2023351-2508385	485034	124367	124601	203	234	0
cluster14_h1tg000007l:4593359-4929677_70000-79999	10000	74569	74747	+	chr8:2023351-2508385	485034	336895	337078	153	183	0
cluster14_h1tg000007l:4593359-4929677_70000-79999	10000	74574	74747	+	chr8:2023351-2508385	485034	167192	167365	159	173	0
cluster14_h1tg000007l:4593359-4929677_70000-79999	10000	74575	74741	-	chr8:2023351-2508385	485034	42006	42173	145	167	0
cluster14_h1tg000007l:4593359-4929677_70000-79999	10000	74576	74759	+	chr8:2023351-2508385	485034	2225	2408	160	183	0
cluster14_h1tg000007l:4593359-4929677_70000-79999	10000	74606	74790	-	chr8:2023351-2508385	485034	8633	8815	161	184	0
cluster14_h1tg000007l:4593359-4929677_70000-79999	10000	74611	74777	+	chr8:2023351-2508385	485034	34766	34932	150	166	0
cluster14_h1tg000007l:4593359-4929677_70000-79999	10000	74616	74732	+	chr8:2023351-2508385	485034	309914	310031	104	118	0
cluster14_h1tg000007l:4593359-4929677_70000-79999	10000	77094	77384	+	chr8:2023351-2508385	485034	207914	208214	273	300	0
cluster14_h1tg000007l:4593359-4929677_70000-79999	10000	77094	77358	-	chr8:2023351-2508385	485034	426783	427050	239	267	0
cluster14_h1tg000007l:4593359-4929677_70000-79999	10000	77094	77358	+	chr8:2023351-2508385	485034	247985	248252	239	267	0
cluster14_h1tg000007l:4593359-4929677_70000-79999	10000	77094	77326	+	chr8:2023351-2508385	485034	273336	273572	204	237	0
cluster14_h1tg000007l:4593359-4929677_70000-79999	10000	77094	77326	-	chr8:2023351-2508385	485034	401452	401688	204	237	0
cluster14_h1tg000007l:4593359-4929677_70000-79999	10000	77095	77378	-	chr8:2023351-2508385	485034	25450	25738	255	289	0
cluster14_h1tg000007l:4593359-4929677_70000-79999	10000	77098	77358	-	chr8:2023351-2508385	485034	466541	466803	238	263	0
cluster14_h1tg000007l:4593359-4929677_70000-79999	10000	77098	77355	+	chr8:2023351-2508385	485034	403558	403818	229	260	0
cluster14_h1tg000007l:4593359-4929677_70000-79999	10000	77098	77355	-	chr8:2023351-2508385	485034	271206	271466	229	260	0
cluster14_h1tg000007l:4593359-4929677_70000-79999	10000	77098	77225	+	chr8:2023351-2508385	485034	53682	53809	112	127	28
cluster14_h1tg000007l:4593359-4929677_70000-79999	10000	77099	77377	-	chr8:2023351-2508385	485034	162117	162398	256	281	0
cluster14_h1tg000007l:4593359-4929677_70000-79999	10000	77099	77377	+	chr8:2023351-2508385	485034	218042	218321	245	281	0
cluster14_h1tg000007l:4593359-4929677_70000-79999	10000	77099	77377	-	chr8:2023351-2508385	485034	454587	454866	245	281	0
cluster14_h1tg000007l:4593359-4929677_70000-79999	10000	77103	77384	-	chr8:2023351-2508385	485034	93412	93702	256	290	0
cluster14_h1tg000007l:4593359-4929677_70000-79999	10000	77103	77351	+	chr8:2023351-2508385	485034	364925	365175	224	251	0
cluster14_h1tg000007l:4593359-4929677_70000-79999	10000	77103	77351	-	chr8:2023351-2508385	485034	309849	310100	223	252	0
cluster14_h1tg000007l:4593359-4929677_70000-79999	10000	77103	77224	-	chr8:2023351-2508385	485034	36558	36681	111	123	0
cluster14_h1tg000007l:4593359-4929677_70000-79999	10000	77105	77384	-	chr8:2023351-2508385	485034	364323	364613	257	290	0
cluster14_h1tg000007l:4593359-4929677_70000-79999	10000	77105	77384	+	chr8:2023351-2508385	485034	310412	310702	257	290	0
cluster14_h1tg000007l:4593359-4929677_70000-79999	10000	77105	77369	+	chr8:2023351-2508385	485034	80980	81250	235	270	0
cluster14_h1tg000007l:4593359-4929677_70000-79999	10000	77105	77366	+	chr8:2023351-2508385	485034	245212	245477	226	265	0
cluster14_h1tg000007l:4593359-4929677_70000-79999	10000	77105	77366	-	chr8:2023351-2508385	485034	429558	429823	226	265	0
cluster14_h1tg000007l:4593359-4929677_70000-79999	10000	77105	77226	+	chr8:2023351-2508385	485034	77723	77846	109	123	0
cluster14_h1tg000007l:4593359-4929677_70000-79999	10000	77108	77358	-	chr8:2023351-2508385	485034	108324	108577	230	253	0
cluster14_h1tg000007l:4593359-4929677_70000-79999	10000	77109	77234	-	chr8:2023351-2508385	485034	130014	130141	113	127	0
cluster14_h1tg000007l:4593359-4929677_70000-79999	10000	77116	77225	-	chr8:2023351-2508385	485034	135187	135298	98	111	0
cluster14_h1tg000007l:4593359-4929677_70000-79999	10000	78856	79159	-	chr8:2023351-2508385	485034	207912	208224	269	312	0
cluster14_h1tg000007l:4593359-4929677_70000-79999	10000	78856	79122	+	chr8:2023351-2508385	485034	34663	34932	224	270	0
cluster14_h1tg000007l:4593359-4929677_70000-79999	10000	78857	79006	-	chr8:2023351-2508385	485034	1369	1516	125	149	0
cluster14_h1tg000007l:4593359-4929677_70000-79999	10000	78858	79143	-	chr8:2023351-2508385	485034	310415	310710	248	295	0
cluster14_h1tg000007l:4593359-4929677_70000-79999	10000	78861	79132	+	chr8:2023351-2508385	485034	36391	36665	228	276	0
cluster14_h1tg000007l:4593359-4929677_70000-79999	10000	78863	79004	-	chr8:2023351-2508385	485034	464297	464438	122	141	0
cluster14_h1tg000007l:4593359-4929677_70000-79999	10000	78863	79004	+	chr8:2023351-2508385	485034	148975	149111	120	141	0
cluster14_h1tg000007l:4593359-4929677_70000-79999	10000	78865	79143	+	chr8:2023351-2508385	485034	119411	119690	240	282	0
cluster14_h1tg000007l:4593359-4929677_70000-79999	10000	78873	79094	-	chr8:2023351-2508385	485034	77777	78006	194	229	0
cluster14_h1tg000007l:4593359-4929677_70000-79999	10000	78905	79143	-	chr8:2023351-2508385	485034	181852	182089	202	240	0
cluster14_h1tg000007l:4593359-4929677_70000-79999	10000	78929	79085	+	chr8:2023351-2508385	485034	51172	51329	137	158	0
cluster14_h1tg000007l:4593359-4929677_70000-79999	10000	78930	79135	+	chr8:2023351-2508385	485034	2231	2439	181	209	0
cluster14_h1tg000007l:4593359-4929677_70000-79999	10000	78955	79094	+	chr8:2023351-2508385	485034	127303	127443	120	141	0
cluster14_h1tg000007l:4593359-4929677_70000-79999	10000	79027	79094	+	chr8:2023351-2508385	485034	130022	130091	66	69	0
cluster14_h1tg000007l:4593359-4929677_80000-89999	10000	87693	87989	+	chr8:2023351-2508385	485034	466831	467123	235	296	0
cluster14_h1tg000007l:4593359-4929677_80000-89999	10000	87797	87910	+	chr8:2023351-2508385	485034	184747	184859	101	113	0
cluster14_h1tg000007l:4593359-4929677_80000-89999	10000	87823	87988	+	chr8:2023351-2508385	485034	278008	278171	138	166	0
cluster14_h1tg000007l:4593359-4929677_80000-89999	10000	87823	87988	-	chr8:2023351-2508385	485034	396853	397016	138	166	0
cluster14_h1tg000007l:4593359-4929677_80000-89999	10000	88138	88263	-	chr8:2023351-2508385	485034	364491	364616	109	125	0
cluster14_h1tg000007l:4593359-4929677_80000-89999	10000	88140	88263	+	chr8:2023351-2508385	485034	310411	310534	107	123	0
cluster14_h1tg000007l:4593359-4929677_80000-89999	10000	88193	88260	-	chr8:2023351-2508385	485034	140259	140326	63	67	0
cluster14_h1tg000007l:4593359-4929677_80000-89999	10000	88194	88259	+	chr8:2023351-2508385	485034	8675	8740	61	65	0
cluster14_h1tg000007l:4593359-4929677_90000-99999	10000	94298	94469	-	chr8:2023351-2508385	485034	275758	275925	143	171	0
cluster14_h1tg000007l:4593359-4929677_90000-99999	10000	94298	94469	+	chr8:2023351-2508385	485034	399099	399266	143	171	0
cluster14_h1tg000007l:4593359-4929677_100000-109999	10000	100547	100705	+	chr8:2023351-2508385	485034	167187	167344	139	162	0
cluster14_h1tg000007l:4593359-4929677_100000-109999	10000	100547	100710	+	chr8:2023351-2508385	485034	364374	364545	142	171	0
cluster14_h1tg000007l:4593359-4929677_100000-109999	10000	100547	100710	-	chr8:2023351-2508385	485034	310480	310651	142	171	0
cluster14_h1tg000007l:4593359-4929677_110000-119999	10000	119173	119419	+	chr8:2023351-2508385	485034	34665	34911	206	246	0
cluster14_h1tg000007l:4593359-4929677_110000-119999	10000	119290	119464	+	chr8:2023351-2508385	485034	382892	383066	146	174	0
cluster14_h1tg000007l:4593359-4929677_110000-119999	10000	119290	119464	-	chr8:2023351-2508385	485034	291958	292132	146	174	0
cluster14_h1tg000007l:4593359-4929677_110000-119999	10000	119332	119419	+	chr8:2023351-2508385	485034	127365	127452	80	87	0
cluster14_h1tg000007l:4593359-4929677_120000-129999	10000	123459	123665	+	chr8:2023351-2508385	485034	41940	42142	177	206	0
cluster14_h1tg000007l:4593359-4929677_120000-129999	10000	123465	123655	+	chr8:2023351-2508385	485034	207923	208109	169	191	0
cluster14_h1tg000007l:4593359-4929677_120000-129999	10000	123614	123719	-	chr8:2023351-2508385	485034	167170	167275	98	105	0
cluster14_h1tg000007l:4593359-4929677_120000-129999	10000	124788	124927	+	chr8:2023351-2508385	485034	8678	8816	123	139	0
cluster14_h1tg000007l:4593359-4929677_120000-129999	10000	124822	124926	-	chr8:2023351-2508385	485034	214768	214871	93	104	0
cluster14_h1tg000007l:4593359-4929677_120000-129999	10000	124822	124926	+	chr8:2023351-2508385	485034	458035	458140	93	105	0
cluster14_h1tg000007l:4593359-4929677_130000-139999	10000	130950	131208	+	chr8:2023351-2508385	485034	124346	124605	225	259	0
cluster14_h1tg000007l:4593359-4929677_130000-139999	10000	130953	131202	+	chr8:2023351-2508385	485034	195361	195614	215	253	0
cluster14_h1tg000007l:4593359-4929677_130000-139999	10000	131008	131203	+	chr8:2023351-2508385	485034	167224	167420	172	196	0
cluster14_h1tg000007l:4593359-4929677_130000-139999	10000	131019	131203	-	chr8:2023351-2508385	485034	181848	182029	160	184	0
cluster14_h1tg000007l:4593359-4929677_130000-139999	10000	131025	131202	+	chr8:2023351-2508385	485034	91229	91407	161	178	0
cluster14_h1tg000007l:4593359-4929677_130000-139999	10000	131027	131202	+	chr8:2023351-2508385	485034	110222	110398	155	176	0
cluster14_h1tg000007l:4593359-4929677_130000-139999	10000	131081	131198	+	chr8:2023351-2508385	485034	130024	130141	101	117	0
cluster14_h1tg000007l:4593359-4929677_130000-139999	10000	131081	131204	-	chr8:2023351-2508385	485034	53687	53808	105	123	0
cluster14_h1tg000007l:4593359-4929677_130000-139999	10000	131081	131208	+	chr8:2023351-2508385	485034	364494	364619	107	127	0
cluster14_h1tg000007l:4593359-4929677_130000-139999	10000	131081	131203	-	chr8:2023351-2508385	485034	310411	310531	102	122	0
cluster14_h1tg000007l:4593359-4929677_130000-139999	10000	131081	131205	+	chr8:2023351-2508385	485034	108461	108583	104	124	0
cluster14_h1tg000007l:4593359-4929677_130000-139999	10000	131086	131203	-	chr8:2023351-2508385	485034	457942	458059	99	117	0
cluster14_h1tg000007l:4593359-4929677_130000-139999	10000	131086	131203	+	chr8:2023351-2508385	485034	214847	214964	99	117	0
cluster14_h1tg000007l:4593359-4929677_130000-139999	10000	131121	131193	+	chr8:2023351-2508385	485034	81634	81706	60	72	0
cluster14_h1tg000007l:4593359-4929677_130000-139999	10000	134523	134822	-	chr8:2023351-2508385	485034	197216	197516	253	300	0
cluster14_h1tg000007l:4593359-4929677_130000-139999	10000	134524	134822	+	chr8:2023351-2508385	485034	207914	208219	275	305	0
cluster14_h1tg000007l:4593359-4929677_130000-139999	10000	134524	134822	+	chr8:2023351-2508385	485034	247985	248283	266	298	0
cluster14_h1tg000007l:4593359-4929677_130000-139999	10000	134524	134822	-	chr8:2023351-2508385	485034	426752	427050	266	298	0
cluster14_h1tg000007l:4593359-4929677_130000-139999	10000	134525	134816	-	chr8:2023351-2508385	485034	25445	25738	258	294	0
cluster14_h1tg000007l:4593359-4929677_130000-139999	10000	134528	134822	-	chr8:2023351-2508385	485034	364318	364620	272	302	0
cluster14_h1tg000007l:4593359-4929677_130000-139999	10000	134528	134820	-	chr8:2023351-2508385	485034	93409	93707	258	298	0
cluster14_h1tg000007l:4593359-4929677_130000-139999	10000	134535	134822	-	chr8:2023351-2508385	485034	271172	271459	259	287	0
cluster14_h1tg000007l:4593359-4929677_130000-139999	10000	134535	134822	+	chr8:2023351-2508385	485034	403565	403852	259	287	0
cluster14_h1tg000007l:4593359-4929677_130000-139999	10000	134535	134819	+	chr8:2023351-2508385	485034	245212	245497	250	286	0
cluster14_h1tg000007l:4593359-4929677_130000-139999	10000	134535	134819	-	chr8:2023351-2508385	485034	429538	429823	250	286	0
cluster14_h1tg000007l:4593359-4929677_130000-139999	10000	134535	134771	+	chr8:2023351-2508385	485034	80980	81219	212	239	0
cluster14_h1tg000007l:4593359-4929677_130000-139999	10000	134545	134822	+	chr8:2023351-2508385	485034	310422	310707	258	285	0
cluster14_h1tg000007l:4593359-4929677_130000-139999	10000	134545	134810	-	chr8:2023351-2508385	485034	466522	466786	238	265	0
cluster14_h1tg000007l:4593359-4929677_130000-139999	10000	134546	134810	-	chr8:2023351-2508385	485034	162117	162381	239	264	0
cluster14_h1tg000007l:4593359-4929677_130000-139999	10000	134628	134822	+	chr8:2023351-2508385	485034	206597	206790	165	195	0
cluster14_h1tg000007l:4593359-4929677_130000-139999	10000	134679	134822	-	chr8:2023351-2508385	485034	421154	421294	118	143	0
cluster14_h1tg000007l:4593359-4929677_130000-139999	10000	139413	139706	-	chr8:2023351-2508385	485034	119411	119703	252	295	0
cluster14_h1tg000007l:4593359-4929677_130000-139999	10000	139413	139711	-	chr8:2023351-2508385	485034	429536	429833	252	300	0
cluster14_h1tg000007l:4593359-4929677_130000-139999	10000	139413	139711	+	chr8:2023351-2508385	485034	245202	245499	252	300	0
cluster14_h1tg000007l:4593359-4929677_130000-139999	10000	139417	139709	+	chr8:2023351-2508385	485034	207919	208216	269	299	0
cluster14_h1tg000007l:4593359-4929677_130000-139999	10000	139417	139709	-	chr8:2023351-2508385	485034	364321	364619	265	298	0
cluster14_h1tg000007l:4593359-4929677_130000-139999	10000	139421	139673	-	chr8:2023351-2508385	485034	466549	466798	219	252	0
cluster14_h1tg000007l:4593359-4929677_130000-139999	10000	139422	139709	+	chr8:2023351-2508385	485034	310411	310704	260	293	0
cluster14_h1tg000007l:4593359-4929677_130000-139999	10000	139423	139705	-	chr8:2023351-2508385	485034	426759	427039	254	282	0
cluster14_h1tg000007l:4593359-4929677_130000-139999	10000	139423	139705	+	chr8:2023351-2508385	485034	247996	248276	254	282	0
cluster14_h1tg000007l:4593359-4929677_130000-139999	10000	139423	139674	+	chr8:2023351-2508385	485034	364927	365175	220	251	0
cluster14_h1tg000007l:4593359-4929677_130000-139999	10000	139432	139709	+	chr8:2023351-2508385	485034	464161	464437	241	277	0
cluster14_h1tg000007l:4593359-4929677_130000-139999	10000	139433	139709	-	chr8:2023351-2508385	485034	93410	93690	248	280	0
cluster14_h1tg000007l:4593359-4929677_130000-139999	10000	139433	139706	-	chr8:2023351-2508385	485034	25445	25718	240	276	0
cluster14_h1tg000007l:4593359-4929677_130000-139999	10000	139434	139700	-	chr8:2023351-2508385	485034	162117	162381	244	266	0
cluster14_h1tg000007l:4593359-4929677_130000-139999	10000	139588	139709	-	chr8:2023351-2508385	485034	336842	336963	112	121	0
cluster14_h1tg000007l:4593359-4929677_130000-139999	10000	139613	139708	-	chr8:2023351-2508385	485034	46235	46330	86	95	0
cluster14_h1tg000007l:4593359-4929677_140000-149999	10000	140580	140621	+	chr8:2023351-2508385	485034	158857	158898	41	41	0
cluster14_h1tg000007l:4593359-4929677_160000-169999	10000	161753	162032	+	chr8:2023351-2508385	485034	124318	124599	245	281	0
cluster14_h1tg000007l:4593359-4929677_160000-169999	10000	161753	162032	+	chr8:2023351-2508385	485034	119412	119693	242	281	0
cluster14_h1tg000007l:4593359-4929677_160000-169999	10000	161777	162032	+	chr8:2023351-2508385	485034	167162	167419	224	257	0
cluster14_h1tg000007l:4593359-4929677_160000-169999	10000	161841	162032	-	chr8:2023351-2508385	485034	181849	182038	162	191	0
cluster14_163778-220757	10000	163778	220758	-	chr8:2023351-2508385	485034	428333	485034	56333	57030	0
cluster14_h1tg000007l:4593359-4929677_160000-169999	10000	169844	170000	-	chr8:2023351-2508385	485034	478716	478920	149	204	0
cluster14_h1tg000007l:4593359-4929677_160000-169999	10000	169844	169985	-	chr8:2023351-2508385	485034	478683	478824	132	141	0
cluster14_h1tg000007l:4593359-4929677_170000-179999	10000	177376	177537	-	chr8:2023351-2508385	485034	42004	42166	144	162	0
cluster14_h1tg000007l:4593359-4929677_180000-189999	10000	181690	181855	-	chr8:2023351-2508385	485034	278008	278171	134	166	0
cluster14_h1tg000007l:4593359-4929677_180000-189999	10000	181690	181855	+	chr8:2023351-2508385	485034	396853	397016	134	166	0
cluster14_h1tg000007l:4593359-4929677_180000-189999	10000	182004	182271	-	chr8:2023351-2508385	485034	364349	364625	244	276	0
cluster14_h1tg000007l:4593359-4929677_180000-189999	10000	182004	182271	+	chr8:2023351-2508385	485034	310400	310676	243	276	0
cluster14_h1tg000007l:4593359-4929677_180000-189999	10000	182004	182268	+	chr8:2023351-2508385	485034	403553	403818	237	265	0
cluster14_h1tg000007l:4593359-4929677_180000-189999	10000	182004	182268	-	chr8:2023351-2508385	485034	271206	271471	237	265	0
cluster14_h1tg000007l:4593359-4929677_180000-189999	10000	182009	182272	-	chr8:2023351-2508385	485034	426782	427046	234	264	0
cluster14_h1tg000007l:4593359-4929677_180000-189999	10000	182009	182272	+	chr8:2023351-2508385	485034	247989	248253	234	264	0
cluster14_h1tg000007l:4593359-4929677_180000-189999	10000	182010	182293	-	chr8:2023351-2508385	485034	162114	162398	256	284	0
cluster14_h1tg000007l:4593359-4929677_180000-189999	10000	182014	182239	+	chr8:2023351-2508385	485034	207923	208149	209	226	0
cluster14_h1tg000007l:4593359-4929677_180000-189999	10000	182014	182272	-	chr8:2023351-2508385	485034	51134	51396	222	263	0
cluster14_h1tg000007l:4593359-4929677_180000-189999	10000	182015	182195	+	chr8:2023351-2508385	485034	245211	245394	157	183	0
cluster14_h1tg000007l:4593359-4929677_180000-189999	10000	182015	182195	-	chr8:2023351-2508385	485034	429641	429824	157	183	0
cluster14_h1tg000007l:4593359-4929677_180000-189999	10000	182016	182264	+	chr8:2023351-2508385	485034	364927	365175	221	249	0
cluster14_h1tg000007l:4593359-4929677_180000-189999	10000	182019	182271	-	chr8:2023351-2508385	485034	25470	25725	227	256	0
cluster14_h1tg000007l:4593359-4929677_180000-189999	10000	182030	182240	-	chr8:2023351-2508385	485034	129911	130131	189	221	0
cluster14_h1tg000007l:4593359-4929677_180000-189999	10000	182030	182127	-	chr8:2023351-2508385	485034	36566	36665	87	99	0
cluster14_h1tg000007l:4593359-4929677_180000-189999	10000	182223	182306	-	chr8:2023351-2508385	485034	47613	47696	74	83	0
cluster14_h1tg000007l:4593359-4929677_180000-189999	10000	183029	183345	-	chr8:2023351-2508385	485034	336815	337134	275	322	0
cluster14_h1tg000007l:4593359-4929677_180000-189999	10000	183031	183299	-	chr8:2023351-2508385	485034	429558	429823	229	269	0
cluster14_h1tg000007l:4593359-4929677_180000-189999	10000	183031	183299	+	chr8:2023351-2508385	485034	245212	245477	229	269	0
cluster14_h1tg000007l:4593359-4929677_180000-189999	10000	183031	183253	+	chr8:2023351-2508385	485034	41948	42166	191	223	0
cluster14_h1tg000007l:4593359-4929677_180000-189999	10000	183042	183310	-	chr8:2023351-2508385	485034	454587	454849	232	268	0
cluster14_h1tg000007l:4593359-4929677_180000-189999	10000	183042	183310	+	chr8:2023351-2508385	485034	218059	218321	232	268	0
cluster14_h1tg000007l:4593359-4929677_180000-189999	10000	183101	183320	-	chr8:2023351-2508385	485034	197218	197436	189	222	0
cluster14_h1tg000007l:4593359-4929677_180000-189999	10000	183168	183310	+	chr8:2023351-2508385	485034	334373	334515	125	142	0
cluster14_h1tg000007l:4593359-4929677_180000-189999	10000	183179	183326	+	chr8:2023351-2508385	485034	464297	464444	131	147	0
cluster14_h1tg000007l:4593359-4929677_180000-189999	10000	183200	183288	-	chr8:2023351-2508385	485034	162808	162896	85	88	0
cluster14_h1tg000007l:4593359-4929677_180000-189999	10000	184388	184670	+	chr8:2023351-2508385	485034	364314	364603	245	289	0
cluster14_h1tg000007l:4593359-4929677_180000-189999	10000	184395	184670	-	chr8:2023351-2508385	485034	310422	310704	239	283	0
cluster14_h1tg000007l:4593359-4929677_180000-189999	10000	184395	184592	+	chr8:2023351-2508385	485034	34671	34866	167	197	0
cluster14_h1tg000007l:4593359-4929677_180000-189999	10000	184395	184537	+	chr8:2023351-2508385	485034	148976	149113	120	142	0
cluster14_h1tg000007l:4593359-4929677_180000-189999	10000	184397	184679	-	chr8:2023351-2508385	485034	80981	81265	246	284	0
cluster14_h1tg000007l:4593359-4929677_180000-189999	10000	184430	184679	+	chr8:2023351-2508385	485034	309849	310097	213	250	0
cluster14_h1tg000007l:4593359-4929677_180000-189999	10000	184498	184669	+	chr8:2023351-2508385	485034	135127	135298	147	173	0
cluster14_185307-199999	10000	185307	200000	+	chr8:2023351-2508385	485034	209159	223906	14519	14764	0
cluster14_h1tg000007l:4593359-4929677_190000-199999	10000	190765	191044	-	chr8:2023351-2508385	485034	8633	8907	237	279	0
cluster14_h1tg000007l:4593359-4929677_190000-199999	10000	190766	191058	+	chr8:2023351-2508385	485034	167132	167422	254	292	0
cluster14_h1tg000007l:4593359-4929677_190000-199999	10000	190801	191041	+	chr8:2023351-2508385	485034	110146	110384	206	242	0
cluster14_h1tg000007l:4593359-4929677_190000-199999	10000	190806	191062	+	chr8:2023351-2508385	485034	124352	124606	222	256	0
cluster14_h1tg000007l:4593359-4929677_190000-199999	10000	190925	191056	+	chr8:2023351-2508385	485034	151921	152052	114	131	0
cluster14_h1tg000007l:4593359-4929677_190000-199999	10000	194133	194385	+	chr8:2023351-2508385	485034	247990	248243	219	253	0
cluster14_h1tg000007l:4593359-4929677_190000-199999	10000	194133	194385	-	chr8:2023351-2508385	485034	426792	427045	219	253	0
cluster14_h1tg000007l:4593359-4929677_190000-199999	10000	194139	194374	+	chr8:2023351-2508385	485034	207925	208161	209	236	0
cluster14_h1tg000007l:4593359-4929677_190000-199999	10000	194139	194356	-	chr8:2023351-2508385	485034	110179	110398	195	219	0
cluster14_h1tg000007l:4593359-4929677_190000-199999	10000	194139	194384	-	chr8:2023351-2508385	485034	124352	124599	218	247	0
cluster14_h1tg000007l:4593359-4929677_190000-199999	10000	194150	194385	-	chr8:2023351-2508385	485034	197257	197493	207	236	0
cluster14_h1tg000007l:4593359-4929677_190000-199999	10000	194150	194412	-	chr8:2023351-2508385	485034	167143	167408	230	265	0
cluster14_h1tg000007l:4593359-4929677_190000-199999	10000	194302	194412	-	chr8:2023351-2508385	485034	336851	336962	103	111	0
cluster14_h1tg000007l:4593359-4929677_190000-199999	10000	194676	194943	-	chr8:2023351-2508385	485034	379736	380006	235	270	0
cluster14_h1tg000007l:4593359-4929677_190000-199999	10000	194676	194943	+	chr8:2023351-2508385	485034	279296	279566	235	270	0
cluster14_h1tg000007l:4593359-4929677_190000-199999	10000	194676	194943	-	chr8:2023351-2508385	485034	395458	395728	235	270	0
cluster14_h1tg000007l:4593359-4929677_190000-199999	10000	194676	194943	+	chr8:2023351-2508385	485034	295018	295288	235	270	0
cluster14_h1tg000007l:4593359-4929677_190000-199999	10000	194687	194943	-	chr8:2023351-2508385	485034	346064	346323	226	259	0
cluster14_h1tg000007l:4593359-4929677_190000-199999	10000	194777	194942	-	chr8:2023351-2508385	485034	318751	318912	145	166	0
cluster14_200000-219999	10000	200000	220000	+	chr8:2023351-2508385	485034	226033	246037	19775	20026	0
cluster14_h1tg000007l:4593359-4929677_200000-209999	10000	200000	200524	-	chr8:2023351-2508385	485034	448513	448999	481	524	0
cluster14_h1tg000007l:4593359-4929677_200000-209999	10000	200000	200582	+	chr8:2023351-2508385	485034	224324	224943	555	619	0
cluster14_h1tg000007l:4593359-4929677_200000-209999	10000	200000	200584	+	chr8:2023351-2508385	485034	224362	225021	556	659	0
cluster14_h1tg000007l:4593359-4929677_200000-209999	10000	200000	200524	+	chr8:2023351-2508385	485034	224248	224771	495	524	0
cluster14_h1tg000007l:4593359-4929677_200000-209999	10000	200000	200519	+	chr8:2023351-2508385	485034	225615	226134	485	519	0
cluster14_h1tg000007l:4593359-4929677_200000-209999	10000	200000	200202	+	chr8:2023351-2508385	485034	226413	226615	182	202	0
cluster14_h1tg000007l:4593359-4929677_200000-209999	10000	200000	200513	+	chr8:2023351-2508385	485034	224552	225064	483	513	0
cluster14_h1tg000007l:4593359-4929677_200000-209999	10000	200000	200404	+	chr8:2023351-2508385	485034	226071	226475	365	404	0
cluster14_h1tg000007l:4593359-4929677_200000-209999	10000	200000	200584	+	chr8:2023351-2508385	485034	224817	225629	544	812	0
cluster14_h1tg000007l:4593359-4929677_200000-209999	10000	200000	200176	+	chr8:2023351-2508385	485034	225311	225487	160	176	0
cluster14_h1tg000007l:4593359-4929677_200000-209999	10000	200000	200278	+	chr8:2023351-2508385	485034	226337	226615	256	278	0
cluster14_h1tg000007l:4593359-4929677_200000-209999	10000	200000	200425	+	chr8:2023351-2508385	485034	225083	225508	391	425	0
cluster14_h1tg000007l:4593359-4929677_200000-209999	10000	200000	200582	+	chr8:2023351-2508385	485034	224703	225323	542	620	0
cluster14_h1tg000007l:4593359-4929677_200000-209999	10000	200000	200581	+	chr8:2023351-2508385	485034	225273	225854	541	581	0
cluster14_h1tg000007l:4593359-4929677_200000-209999	10000	200000	200310	+	chr8:2023351-2508385	485034	226299	226609	287	310	0
cluster14_h1tg000007l:4593359-4929677_200000-209999	10000	200000	200164	+	chr8:2023351-2508385	485034	226451	226615	149	164	0
cluster14_h1tg000007l:4593359-4929677_200000-209999	10000	200004	200584	+	chr8:2023351-2508385	485034	223872	224452	558	580	0
cluster14_h1tg000007l:4593359-4929677_200000-209999	10000	200004	200387	+	chr8:2023351-2508385	485034	225467	225850	358	383	0
cluster14_h1tg000007l:4593359-4929677_200000-209999	10000	200014	200567	-	chr8:2023351-2508385	485034	448508	449061	515	553	0
cluster14_h1tg000007l:4593359-4929677_200000-209999	10000	200043	200584	+	chr8:2023351-2508385	485034	224822	225363	505	541	0
cluster14_h1tg000007l:4593359-4929677_200000-209999	10000	200044	200563	+	chr8:2023351-2508385	485034	225469	226026	490	557	0
cluster14_h1tg000007l:4593359-4929677_200000-209999	10000	200051	200582	+	chr8:2023351-2508385	485034	225438	225969	500	531	0
cluster14_h1tg000007l:4593359-4929677_200000-209999	10000	200069	200584	+	chr8:2023351-2508385	485034	225722	226237	478	515	0
cluster14_h1tg000007l:4593359-4929677_200000-209999	10000	200071	200582	+	chr8:2023351-2508385	485034	225382	225893	479	511	0
cluster14_h1tg000007l:4593359-4929677_200000-209999	10000	200079	200582	+	chr8:2023351-2508385	485034	224061	224753	484	693	0
cluster14_h1tg000007l:4593359-4929677_200000-209999	10000	200079	200582	+	chr8:2023351-2508385	485034	224213	224715	481	503	0
cluster14_h1tg000007l:4593359-4929677_200000-209999	10000	200079	200487	+	chr8:2023351-2508385	485034	224555	224962	385	408	0
cluster14_h1tg000007l:4593359-4929677_200000-209999	10000	200079	200582	+	chr8:2023351-2508385	485034	224479	224981	478	503	0
cluster14_h1tg000007l:4593359-4929677_200000-209999	10000	200107	200582	+	chr8:2023351-2508385	485034	225266	225741	445	475	0
cluster14_h1tg000007l:4593359-4929677_200000-209999	10000	200118	200584	+	chr8:2023351-2508385	485034	224632	225211	441	580	0
cluster14_h1tg000007l:4593359-4929677_200000-209999	10000	200119	200448	+	chr8:2023351-2508385	485034	224405	224733	316	329	0
cluster14_h1tg000007l:4593359-4929677_200000-209999	10000	200140	200563	+	chr8:2023351-2508385	485034	224350	224772	405	423	0
cluster14_h1tg000007l:4593359-4929677_200000-209999	10000	200152	200449	+	chr8:2023351-2508385	485034	224096	224393	286	297	0
cluster14_h1tg000007l:4593359-4929677_200000-209999	10000	200152	200576	+	chr8:2023351-2508385	485034	224362	224785	406	424	0
cluster14_h1tg000007l:4593359-4929677_200000-209999	10000	200155	200582	+	chr8:2023351-2508385	485034	223909	224336	405	427	0
cluster14_h1tg000007l:4593359-4929677_200000-209999	10000	200157	200582	+	chr8:2023351-2508385	485034	224177	224602	407	425	0
cluster14_h1tg000007l:4593359-4929677_200000-209999	10000	200178	200584	+	chr8:2023351-2508385	485034	225717	226123	387	406	0
cluster14_h1tg000007l:4593359-4929677_200000-209999	10000	200190	200582	+	chr8:2023351-2508385	485034	225691	226083	371	392	0
cluster14_h1tg000007l:4593359-4929677_200000-209999	10000	200206	200584	+	chr8:2023351-2508385	485034	224112	224490	364	378	0
cluster14_h1tg000007l:4593359-4929677_200000-209999	10000	200231	200582	+	chr8:2023351-2508385	485034	224023	224374	337	351	0
cluster14_h1tg000007l:4593359-4929677_200000-209999	10000	200244	200582	+	chr8:2023351-2508385	485034	225289	225665	317	376	0
cluster14_h1tg000007l:4593359-4929677_200000-209999	10000	200266	200584	+	chr8:2023351-2508385	485034	224779	225097	301	318	0
cluster14_h1tg000007l:4593359-4929677_200000-209999	10000	200266	200584	+	chr8:2023351-2508385	485034	224096	224414	304	318	0
cluster14_h1tg000007l:4593359-4929677_200000-209999	10000	200266	200560	+	chr8:2023351-2508385	485034	225653	225985	280	332	0
cluster14_h1tg000007l:4593359-4929677_200000-209999	10000	200270	200582	+	chr8:2023351-2508385	485034	223986	224298	301	312	0
cluster14_h1tg000007l:4593359-4929677_200000-209999	10000	200317	200582	+	chr8:2023351-2508385	485034	224299	224564	257	265	0
cluster14_h1tg000007l:4593359-4929677_200000-209999	10000	200392	200582	+	chr8:2023351-2508385	485034	224602	224791	180	190	0
cluster14_h1tg000007l:4593359-4929677_200000-209999	10000	206815	206947	+	chr8:2023351-2508385	485034	420462	420595	119	133	0
cluster14_h1tg000007l:4593359-4929677_200000-209999	10000	206815	206947	-	chr8:2023351-2508385	485034	254436	254569	119	133	0
cluster14_h1tg000007l:4593359-4929677_210000-219999	10000	215593	215777	+	chr8:2023351-2508385	485034	129907	130094	155	192	0
cluster14_h1tg000007l:4593359-4929677_210000-219999	10000	215712	215789	-	chr8:2023351-2508385	485034	403238	403315	74	77	0
cluster14_h1tg000007l:4593359-4929677_210000-219999	10000	216033	216163	+	chr8:2023351-2508385	485034	41947	42078	122	131	0
cluster14_h1tg000007l:4593359-4929677_210000-219999	10000	216058	216305	-	chr8:2023351-2508385	485034	34681	34932	215	251	0
cluster14_h1tg000007l:4593359-4929677_210000-219999	10000	219162	219411	+	chr8:2023351-2508385	485034	207913	208161	218	250	0
cluster14_h1tg000007l:4593359-4929677_210000-219999	10000	219163	219441	-	chr8:2023351-2508385	485034	119426	119704	239	279	0
cluster14_h1tg000007l:4593359-4929677_210000-219999	10000	219168	219421	-	chr8:2023351-2508385	485034	382819	383072	220	254	0
cluster14_h1tg000007l:4593359-4929677_210000-219999	10000	219168	219440	+	chr8:2023351-2508385	485034	310406	310685	238	281	0
cluster14_h1tg000007l:4593359-4929677_210000-219999	10000	219171	219397	+	chr8:2023351-2508385	485034	77720	77953	197	233	0
cluster14_h1tg000007l:4593359-4929677_210000-219999	10000	219171	219421	+	chr8:2023351-2508385	485034	80977	81229	218	254	0
cluster14_h1tg000007l:4593359-4929677_210000-219999	10000	219173	219421	+	chr8:2023351-2508385	485034	53688	53934	209	250	0
cluster14_h1tg000007l:4593359-4929677_210000-219999	10000	219173	219439	-	chr8:2023351-2508385	485034	162128	162393	231	267	0
cluster14_h1tg000007l:4593359-4929677_210000-219999	10000	219173	219423	-	chr8:2023351-2508385	485034	124350	124600	217	251	0
cluster14_h1tg000007l:4593359-4929677_210000-219999	10000	219173	219440	-	chr8:2023351-2508385	485034	364340	364614	233	276	0
cluster14_h1tg000007l:4593359-4929677_210000-219999	10000	219173	219431	-	chr8:2023351-2508385	485034	466541	466797	220	259	0
cluster14_h1tg000007l:4593359-4929677_210000-219999	10000	219174	219393	+	chr8:2023351-2508385	485034	154166	154385	192	220	0
cluster14_h1tg000007l:4593359-4929677_210000-219999	10000	219174	219295	-	chr8:2023351-2508385	485034	36558	36679	106	121	0
cluster14_h1tg000007l:4593359-4929677_210000-219999	10000	219174	219393	-	chr8:2023351-2508385	485034	195392	195614	195	223	0
cluster14_h1tg000007l:4593359-4929677_210000-219999	10000	219174	219396	+	chr8:2023351-2508385	485034	364927	365147	188	223	0
cluster14_h1tg000007l:4593359-4929677_210000-219999	10000	219174	219393	-	chr8:2023351-2508385	485034	401458	401677	187	220	0
cluster14_h1tg000007l:4593359-4929677_210000-219999	10000	219174	219421	-	chr8:2023351-2508385	485034	426793	427039	212	248	0
cluster14_h1tg000007l:4593359-4929677_210000-219999	10000	219177	219439	-	chr8:2023351-2508385	485034	25462	25725	227	266	0
cluster14_h1tg000007l:4593359-4929677_210000-219999	10000	219178	219297	-	chr8:2023351-2508385	485034	130022	130141	104	119	0
cluster14_h1tg000007l:4593359-4929677_210000-219999	10000	219183	219457	+	chr8:2023351-2508385	485034	337838	338111	234	275	0
cluster14_h1tg000007l:4593359-4929677_210000-219999	10000	219309	219397	-	chr8:2023351-2508385	485034	465567	465656	83	89	0
cluster14_h1tg000007l:4593359-4929677_220000-229999	10000	220000	220469	-	chr8:2023351-2508385	485034	428443	428998	456	558	0
cluster14_h1tg000007l:4593359-4929677_220000-229999	10000	220137	220626	+	chr8:2023351-2508385	485034	246524	246923	390	489	0
cluster14_h1tg000007l:4593359-4929677_220000-229999	10000	220137	220626	-	chr8:2023351-2508385	485034	428112	428511	390	489	0
cluster14_h1tg000007l:4593359-4929677_220000-229999	10000	220137	220287	-	chr8:2023351-2508385	485034	428274	428424	148	150	0
cluster14_h1tg000007l:4593359-4929677_220000-229999	10000	220137	220287	+	chr8:2023351-2508385	485034	246611	246761	148	150	0
cluster14_h1tg000007l:4593359-4929677_220000-229999	10000	220137	220626	+	chr8:2023351-2508385	485034	246437	246923	471	489	0
cluster14_h1tg000007l:4593359-4929677_220000-229999	10000	220226	220472	+	chr8:2023351-2508385	485034	246439	246682	236	246	0
cluster14_h1tg000007l:4593359-4929677_220000-229999	10000	220231	230000	+	chr8:2023351-2508385	485034	246357	255837	9433	9771	0
cluster14_h1tg000007l:4593359-4929677_220000-229999	10000	220231	230000	+	chr8:2023351-2508385	485034	246357	255837	9430	9771	0
cluster14_h1tg000007l:4593359-4929677_220000-229999	10000	220318	220817	+	chr8:2023351-2508385	485034	246357	246761	389	499	0
cluster14_220398-336317	10000	220398	336318	+	chr8:2023351-2508385	485034	246174	362128	115141	116144	0
cluster14_h1tg000007l:4593359-4929677_220000-229999	10000	220398	230000	+	chr8:2023351-2508385	485034	246174	255837	9532	9691	0
cluster14_220398-294121	10000	220398	294122	-	chr8:2023351-2508385	485034	355039	428861	73248	73878	0
cluster14_h1tg000007l:4593359-4929677_220000-229999	10000	220841	221083	-	chr8:2023351-2508385	485034	428622	428861	230	242	0
cluster14_h1tg000007l:4593359-4929677_220000-229999	10000	222131	222437	+	chr8:2023351-2508385	485034	207913	208226	280	313	0
cluster14_h1tg000007l:4593359-4929677_220000-229999	10000	222136	222437	+	chr8:2023351-2508385	485034	403558	403859	262	301	0
cluster14_h1tg000007l:4593359-4929677_220000-229999	10000	222136	222437	-	chr8:2023351-2508385	485034	271165	271466	262	301	0
cluster14_h1tg000007l:4593359-4929677_220000-229999	10000	222136	222390	+	chr8:2023351-2508385	485034	53682	53935	215	254	0
cluster14_h1tg000007l:4593359-4929677_220000-229999	10000	222137	222390	+	chr8:2023351-2508385	485034	218042	218294	219	253	0
cluster14_h1tg000007l:4593359-4929677_220000-229999	10000	222137	222399	-	chr8:2023351-2508385	485034	162136	162398	237	262	0
cluster14_h1tg000007l:4593359-4929677_220000-229999	10000	222143	222389	+	chr8:2023351-2508385	485034	245212	245459	212	248	0
cluster14_h1tg000007l:4593359-4929677_220000-229999	10000	222143	222431	-	chr8:2023351-2508385	485034	364317	364613	261	296	0
cluster14_h1tg000007l:4593359-4929677_220000-229999	10000	222143	222398	-	chr8:2023351-2508385	485034	271569	271825	212	257	0
cluster14_h1tg000007l:4593359-4929677_220000-229999	10000	222143	222327	-	chr8:2023351-2508385	485034	119508	119693	162	186	0
cluster14_h1tg000007l:4593359-4929677_220000-229999	10000	222143	222392	+	chr8:2023351-2508385	485034	364927	365175	222	249	0
cluster14_h1tg000007l:4593359-4929677_220000-229999	10000	222143	222398	+	chr8:2023351-2508385	485034	403199	403455	212	257	0
cluster14_h1tg000007l:4593359-4929677_220000-229999	10000	222143	222433	+	chr8:2023351-2508385	485034	310412	310710	263	298	0
cluster14_h1tg000007l:4593359-4929677_220000-229999	10000	222143	222392	-	chr8:2023351-2508385	485034	309849	310098	221	250	0
cluster14_h1tg000007l:4593359-4929677_220000-229999	10000	222143	222392	+	chr8:2023351-2508385	485034	80980	81232	229	252	0
cluster14_h1tg000007l:4593359-4929677_220000-229999	10000	222143	222397	-	chr8:2023351-2508385	485034	195356	195614	220	259	0
cluster14_h1tg000007l:4593359-4929677_220000-229999	10000	222146	222431	-	chr8:2023351-2508385	485034	108292	108577	260	285	0
cluster14_h1tg000007l:4593359-4929677_220000-229999	10000	222153	222399	-	chr8:2023351-2508385	485034	93438	93690	222	252	0
cluster14_h1tg000007l:4593359-4929677_220000-229999	10000	227844	228039	+	chr8:2023351-2508385	485034	310503	310710	161	207	0
cluster14_h1tg000007l:4593359-4929677_220000-229999	10000	228443	228667	-	chr8:2023351-2508385	485034	195391	195614	197	227	0
cluster14_h1tg000007l:4593359-4929677_220000-229999	10000	228591	228724	-	chr8:2023351-2508385	485034	232851	232983	119	133	0
cluster14_h1tg000007l:4593359-4929677_220000-229999	10000	228591	228724	+	chr8:2023351-2508385	485034	442052	442184	119	133	0
cluster14_h1tg000007l:4593359-4929677_230000-239999	10000	230514	230599	+	chr8:2023351-2508385	485034	420645	420730	81	85	0
cluster14_h1tg000007l:4593359-4929677_230000-239999	10000	230514	230599	-	chr8:2023351-2508385	485034	254302	254387	81	85	0
cluster14_h1tg000007l:4593359-4929677_240000-249999	10000	243363	243632	-	chr8:2023351-2508385	485034	466541	466808	222	270	0
cluster14_h1tg000007l:4593359-4929677_240000-249999	10000	243375	243632	-	chr8:2023351-2508385	485034	110141	110398	212	257	0
cluster14_h1tg000007l:4593359-4929677_240000-249999	10000	243375	243624	-	chr8:2023351-2508385	485034	162813	163062	215	249	0
cluster14_h1tg000007l:4593359-4929677_240000-249999	10000	243527	243632	-	chr8:2023351-2508385	485034	108324	108429	94	105	0
cluster14_h1tg000007l:4593359-4929677_240000-249999	10000	245314	245612	-	chr8:2023351-2508385	485034	310400	310706	263	306	0
cluster14_h1tg000007l:4593359-4929677_240000-249999	10000	245314	245607	+	chr8:2023351-2508385	485034	426753	427046	255	293	0
cluster14_h1tg000007l:4593359-4929677_240000-249999	10000	245314	245607	-	chr8:2023351-2508385	485034	247989	248282	255	293	0
cluster14_h1tg000007l:4593359-4929677_240000-249999	10000	245314	245612	+	chr8:2023351-2508385	485034	364319	364625	264	306	0
cluster14_h1tg000007l:4593359-4929677_240000-249999	10000	245314	245613	+	chr8:2023351-2508385	485034	124312	124612	252	301	0
cluster14_h1tg000007l:4593359-4929677_240000-249999	10000	245341	245590	+	chr8:2023351-2508385	485034	110138	110388	206	253	0
cluster14_h1tg000007l:4593359-4929677_240000-249999	10000	245351	245456	-	chr8:2023351-2508385	485034	365070	365175	95	105	0
cluster14_h1tg000007l:4593359-4929677_240000-249999	10000	245352	245601	+	chr8:2023351-2508385	485034	214714	214964	211	251	0
cluster14_h1tg000007l:4593359-4929677_240000-249999	10000	245352	245612	+	chr8:2023351-2508385	485034	466549	466808	231	260	0
cluster14_h1tg000007l:4593359-4929677_240000-249999	10000	245364	245602	-	chr8:2023351-2508385	485034	207923	208161	213	238	0
cluster14_h1tg000007l:4593359-4929677_240000-249999	10000	245535	245611	-	chr8:2023351-2508385	485034	53678	53754	70	76	0
cluster14_h1tg000007l:4593359-4929677_240000-249999	10000	245710	245966	-	chr8:2023351-2508385	485034	247996	248251	212	257	0
cluster14_h1tg000007l:4593359-4929677_240000-249999	10000	245710	245966	+	chr8:2023351-2508385	485034	119437	119693	225	256	0
cluster14_h1tg000007l:4593359-4929677_240000-249999	10000	245710	245966	+	chr8:2023351-2508385	485034	426784	427039	212	257	0
cluster14_h1tg000007l:4593359-4929677_240000-249999	10000	245710	245903	+	chr8:2023351-2508385	485034	51136	51329	166	193	0
cluster14_h1tg000007l:4593359-4929677_240000-249999	10000	245711	245966	+	chr8:2023351-2508385	485034	195356	195614	223	258	0
cluster14_h1tg000007l:4593359-4929677_240000-249999	10000	245737	245919	+	chr8:2023351-2508385	485034	129908	130098	159	190	0
cluster14_h1tg000007l:4593359-4929677_240000-249999	10000	245764	245955	-	chr8:2023351-2508385	485034	8633	8822	166	191	0
cluster14_h1tg000007l:4593359-4929677_240000-249999	10000	245823	245952	-	chr8:2023351-2508385	485034	273361	273490	113	129	0
cluster14_h1tg000007l:4593359-4929677_240000-249999	10000	245823	245952	+	chr8:2023351-2508385	485034	401534	401663	113	129	0
cluster14_h1tg000007l:4593359-4929677_240000-249999	10000	245827	245910	+	chr8:2023351-2508385	485034	34817	34900	77	83	0
cluster14_h1tg000007l:4593359-4929677_240000-249999	10000	245843	245952	+	chr8:2023351-2508385	485034	135186	135295	99	109	0
cluster14_h1tg000007l:4593359-4929677_240000-249999	10000	247483	247704	+	chr8:2023351-2508385	485034	154164	154385	195	221	0
cluster14_h1tg000007l:4593359-4929677_240000-249999	10000	247485	247716	+	chr8:2023351-2508385	485034	80980	81213	200	235	0
cluster14_h1tg000007l:4593359-4929677_240000-249999	10000	247485	247704	+	chr8:2023351-2508385	485034	245212	245431	188	220	0
cluster14_h1tg000007l:4593359-4929677_240000-249999	10000	247485	247704	-	chr8:2023351-2508385	485034	429604	429823	188	220	0
cluster14_h1tg000007l:4593359-4929677_240000-249999	10000	247495	247712	-	chr8:2023351-2508385	485034	466571	466786	185	217	0
cluster14_h1tg000007l:4593359-4929677_240000-249999	10000	247495	247612	-	chr8:2023351-2508385	485034	110271	110388	106	117	0
cluster14_h1tg000007l:4593359-4929677_240000-249999	10000	247496	247563	-	chr8:2023351-2508385	485034	135231	135298	64	67	0
cluster14_h1tg000007l:4593359-4929677_240000-249999	10000	247499	247628	-	chr8:2023351-2508385	485034	271682	271811	114	129	0
cluster14_h1tg000007l:4593359-4929677_240000-249999	10000	247499	247628	+	chr8:2023351-2508385	485034	403213	403342	114	129	0
cluster14_h1tg000007l:4593359-4929677_240000-249999	10000	247507	247713	-	chr8:2023351-2508385	485034	140146	140358	177	212	0
cluster14_h1tg000007l:4593359-4929677_250000-259999	10000	252132	252295	+	chr8:2023351-2508385	485034	466957	467122	134	166	0
cluster14_h1tg000007l:4593359-4929677_250000-259999	10000	252726	255965	-	chr8:2023351-2508385	485034	343788	347028	3126	3241	0
cluster14_h1tg000007l:4593359-4929677_250000-259999	10000	252744	254835	+	chr8:2023351-2508385	485034	143171	145262	1942	2094	0
cluster14_h1tg000007l:4593359-4929677_250000-259999	10000	252746	258767	-	chr8:2023351-2508385	485034	374638	380679	5772	6048	0
cluster14_h1tg000007l:4593359-4929677_250000-259999	10000	252746	253675	+	chr8:2023351-2508385	485034	194260	195189	864	930	0
cluster14_h1tg000007l:4593359-4929677_250000-259999	10000	253069	257460	-	chr8:2023351-2508385	485034	314978	319354	3844	4400	0
cluster14_h1tg000007l:4593359-4929677_250000-259999	10000	253069	257460	+	chr8:2023351-2508385	485034	355674	360049	3846	4408	0
cluster14_h1tg000007l:4593359-4929677_250000-259999	10000	253420	253690	+	chr8:2023351-2508385	485034	218585	218848	233	270	0
cluster14_h1tg000007l:4593359-4929677_250000-259999	10000	253420	253690	-	chr8:2023351-2508385	485034	454056	454323	236	270	0
cluster14_h1tg000007l:4593359-4929677_260000-269999	10000	266079	266332	+	chr8:2023351-2508385	485034	245206	245459	220	254	0
cluster14_h1tg000007l:4593359-4929677_260000-269999	10000	266079	266332	-	chr8:2023351-2508385	485034	429576	429829	220	254	0
cluster14_h1tg000007l:4593359-4929677_260000-269999	10000	266082	266360	-	chr8:2023351-2508385	485034	167144	167422	247	278	0
cluster14_h1tg000007l:4593359-4929677_260000-269999	10000	266082	266304	+	chr8:2023351-2508385	485034	77720	77949	190	229	0
cluster14_h1tg000007l:4593359-4929677_260000-269999	10000	266095	266305	-	chr8:2023351-2508385	485034	195391	195604	187	213	0
cluster14_h1tg000007l:4593359-4929677_260000-269999	10000	266130	266308	-	chr8:2023351-2508385	485034	129914	130100	154	186	0
cluster14_h1tg000007l:4593359-4929677_260000-269999	10000	268461	269398	+	chr8:2023351-2508385	485034	194251	195189	869	938	0
cluster14_268470-271710	10000	268470	271711	-	chr8:2023351-2508385	485034	343788	347008	3090	3244	0
cluster14_268470-274507	10000	268470	274508	+	chr8:2023351-2508385	485034	278622	284641	5749	6043	0
cluster14_268470-270557	10000	268470	270558	+	chr8:2023351-2508385	485034	143173	145262	1937	2089	0
cluster14_h1tg000007l:4593359-4929677_260000-269999	10000	268470	270000	-	chr8:2023351-2508385	485034	394871	396402	1471	1531	0
cluster14_268792-273204	10000	268792	273205	-	chr8:2023351-2508385	485034	314978	319354	3819	4417	0
cluster14_268792-273204	10000	268792	273205	+	chr8:2023351-2508385	485034	355674	360049	3821	4425	0
cluster14_h1tg000007l:4593359-4929677_260000-269999	10000	269154	269413	+	chr8:2023351-2508385	485034	218596	218848	220	259	0
cluster14_h1tg000007l:4593359-4929677_260000-269999	10000	269154	269413	-	chr8:2023351-2508385	485034	454056	454312	223	259	0
cluster14_h1tg000007l:4593359-4929677_270000-279999	10000	273673	273734	-	chr8:2023351-2508385	485034	314443	314504	56	61	0
cluster14_h1tg000007l:4593359-4929677_280000-289999	10000	281866	282379	+	chr8:2023351-2508385	485034	173103	173620	451	520	0
cluster14_h1tg000007l:4593359-4929677_280000-289999	10000	283981	284168	-	chr8:2023351-2508385	485034	464214	464402	165	189	0
cluster14_h1tg000007l:4593359-4929677_280000-289999	10000	283982	284232	+	chr8:2023351-2508385	485034	74203	74456	222	255	0
cluster14_h1tg000007l:4593359-4929677_280000-289999	10000	283982	284241	+	chr8:2023351-2508385	485034	167170	167430	225	262	0
cluster14_h1tg000007l:4593359-4929677_280000-289999	10000	283986	284148	-	chr8:2023351-2508385	485034	42030	42192	141	163	0
cluster14_h1tg000007l:4593359-4929677_280000-289999	10000	284013	284183	-	chr8:2023351-2508385	485034	8669	8838	146	171	0
cluster14_h1tg000007l:4593359-4929677_280000-289999	10000	284046	284132	+	chr8:2023351-2508385	485034	34771	34855	77	86	0
cluster14_h1tg000007l:4593359-4929677_280000-289999	10000	284531	284837	-	chr8:2023351-2508385	485034	93409	93713	274	310	0
cluster14_h1tg000007l:4593359-4929677_280000-289999	10000	284532	284843	+	chr8:2023351-2508385	485034	403553	403856	270	311	0
cluster14_h1tg000007l:4593359-4929677_280000-289999	10000	284532	284808	-	chr8:2023351-2508385	485034	466541	466808	243	276	0
cluster14_h1tg000007l:4593359-4929677_280000-289999	10000	284532	284843	-	chr8:2023351-2508385	485034	271168	271471	270	311	0
cluster14_h1tg000007l:4593359-4929677_280000-289999	10000	284537	284808	-	chr8:2023351-2508385	485034	51135	51401	226	276	0
cluster14_h1tg000007l:4593359-4929677_280000-289999	10000	284537	284843	+	chr8:2023351-2508385	485034	207918	208223	279	313	0
cluster14_h1tg000007l:4593359-4929677_280000-289999	10000	284541	284840	-	chr8:2023351-2508385	485034	108292	108583	267	299	0
cluster14_h1tg000007l:4593359-4929677_280000-289999	10000	284542	284816	-	chr8:2023351-2508385	485034	162128	162394	246	274	0
cluster14_h1tg000007l:4593359-4929677_280000-289999	10000	284543	284817	-	chr8:2023351-2508385	485034	429557	429824	233	276	0
cluster14_h1tg000007l:4593359-4929677_280000-289999	10000	284543	284838	-	chr8:2023351-2508385	485034	167132	167420	252	297	0
cluster14_h1tg000007l:4593359-4929677_280000-289999	10000	284543	284843	+	chr8:2023351-2508385	485034	80979	81274	265	301	0
cluster14_h1tg000007l:4593359-4929677_280000-289999	10000	284543	284817	+	chr8:2023351-2508385	485034	245211	245478	233	276	0
cluster14_h1tg000007l:4593359-4929677_280000-289999	10000	284544	284692	-	chr8:2023351-2508385	485034	110257	110398	132	150	0
cluster14_h1tg000007l:4593359-4929677_280000-289999	10000	284544	284843	-	chr8:2023351-2508385	485034	426748	427039	264	299	0
cluster14_h1tg000007l:4593359-4929677_280000-289999	10000	284544	284843	+	chr8:2023351-2508385	485034	247996	248287	264	299	0
cluster14_h1tg000007l:4593359-4929677_280000-289999	10000	284544	284801	-	chr8:2023351-2508385	485034	309849	310098	222	258	0
cluster14_h1tg000007l:4593359-4929677_280000-289999	10000	284544	284801	+	chr8:2023351-2508385	485034	364927	365175	223	257	0
cluster14_h1tg000007l:4593359-4929677_280000-289999	10000	284547	284833	-	chr8:2023351-2508385	485034	25445	25725	252	286	0
cluster14_h1tg000007l:4593359-4929677_280000-289999	10000	284554	284839	-	chr8:2023351-2508385	485034	197216	197494	242	286	0
cluster14_h1tg000007l:4593359-4929677_280000-289999	10000	284554	284837	+	chr8:2023351-2508385	485034	464162	464438	240	284	0
cluster14_h1tg000007l:4593359-4929677_280000-289999	10000	284562	284843	-	chr8:2023351-2508385	485034	34664	34938	240	283	0
cluster14_h1tg000007l:4593359-4929677_280000-289999	10000	284635	284843	-	chr8:2023351-2508385	485034	421150	421346	163	208	0
cluster14_h1tg000007l:4593359-4929677_280000-289999	10000	288574	288635	+	chr8:2023351-2508385	485034	375415	375476	56	61	0
cluster14_h1tg000007l:4593359-4929677_280000-289999	10000	289109	289971	+	chr8:2023351-2508385	485034	391689	392551	765	862	0
cluster14_h1tg000007l:4593359-4929677_280000-289999	10000	289109	289971	+	chr8:2023351-2508385	485034	375944	376806	758	862	0
cluster14_h1tg000007l:4593359-4929677_280000-289999	10000	289109	289971	-	chr8:2023351-2508385	485034	298218	299080	758	862	0
cluster14_h1tg000007l:4593359-4929677_280000-289999	10000	289109	289971	-	chr8:2023351-2508385	485034	282473	283335	765	862	0
cluster14_h1tg000007l:4593359-4929677_290000-299999	10000	290010	293487	-	chr8:2023351-2508385	485034	278945	282450	3075	3508	0
cluster14_h1tg000007l:4593359-4929677_290000-299999	10000	290010	293487	+	chr8:2023351-2508385	485034	392574	396079	3075	3508	0
cluster14_h1tg000007l:4593359-4929677_290000-299999	10000	290023	293487	-	chr8:2023351-2508385	485034	294667	298182	3051	3518	0
cluster14_h1tg000007l:4593359-4929677_290000-299999	10000	290027	293487	+	chr8:2023351-2508385	485034	376846	380357	3052	3514	0
cluster14_h1tg000007l:4593359-4929677_290000-299999	10000	290624	293487	+	chr8:2023351-2508385	485034	343793	346685	2534	2896	0
cluster14_h1tg000007l:4593359-4929677_290000-299999	10000	291739	293487	-	chr8:2023351-2508385	485034	143495	145262	1561	1768	0
cluster14_h1tg000007l:4593359-4929677_290000-299999	10000	292884	293045	+	chr8:2023351-2508385	485034	454057	454222	145	166	0
cluster14_h1tg000007l:4593359-4929677_290000-299999	10000	292898	293497	-	chr8:2023351-2508385	485034	194572	195189	536	618	0
cluster14_h1tg000007l:4593359-4929677_290000-299999	10000	293797	293904	+	chr8:2023351-2508385	485034	353601	353708	98	107	0
cluster14_h1tg000007l:4593359-4929677_300000-309999	10000	305164	305427	+	chr8:2023351-2508385	485034	291968	292237	228	269	0
cluster14_h1tg000007l:4593359-4929677_300000-309999	10000	305164	305427	-	chr8:2023351-2508385	485034	382787	383056	228	269	0
cluster14_h1tg000007l:4593359-4929677_300000-309999	10000	305201	305423	-	chr8:2023351-2508385	485034	167144	167372	202	228	0
cluster14_h1tg000007l:4593359-4929677_300000-309999	10000	305254	305367	-	chr8:2023351-2508385	485034	197098	197217	100	119	0
cluster14_h1tg000007l:4593359-4929677_300000-309999	10000	308593	308735	-	chr8:2023351-2508385	485034	465514	465656	125	142	0
cluster14_h1tg000007l:4593359-4929677_310000-319999	10000	311057	311296	+	chr8:2023351-2508385	485034	34666	34900	201	239	0
cluster14_h1tg000007l:4593359-4929677_310000-319999	10000	311062	311354	+	chr8:2023351-2508385	485034	465505	465795	248	295	0
cluster14_h1tg000007l:4593359-4929677_310000-319999	10000	311071	311182	-	chr8:2023351-2508385	485034	218211	218321	103	111	0
cluster14_h1tg000007l:4593359-4929677_310000-319999	10000	311071	311182	+	chr8:2023351-2508385	485034	454587	454697	103	111	0
cluster14_h1tg000007l:4593359-4929677_310000-319999	10000	311090	311289	+	chr8:2023351-2508385	485034	51135	51329	173	199	0
cluster14_h1tg000007l:4593359-4929677_310000-319999	10000	312053	312332	-	chr8:2023351-2508385	485034	167135	167415	238	281	0
cluster14_h1tg000007l:4593359-4929677_310000-319999	10000	312054	312178	-	chr8:2023351-2508385	485034	197375	197499	110	124	0
cluster14_h1tg000007l:4593359-4929677_310000-319999	10000	312058	312332	-	chr8:2023351-2508385	485034	108297	108571	237	274	0
cluster14_h1tg000007l:4593359-4929677_310000-319999	10000	312058	312332	-	chr8:2023351-2508385	485034	429539	429814	235	276	0
cluster14_h1tg000007l:4593359-4929677_310000-319999	10000	312058	312332	+	chr8:2023351-2508385	485034	245221	245496	235	276	0
cluster14_h1tg000007l:4593359-4929677_310000-319999	10000	312058	312332	+	chr8:2023351-2508385	485034	207934	208215	230	281	0
cluster14_h1tg000007l:4593359-4929677_310000-319999	10000	312059	312315	-	chr8:2023351-2508385	485034	110131	110388	210	258	0
cluster14_h1tg000007l:4593359-4929677_310000-319999	10000	312059	312303	-	chr8:2023351-2508385	485034	466543	466786	201	244	0
cluster14_h1tg000007l:4593359-4929677_310000-319999	10000	312103	312179	-	chr8:2023351-2508385	485034	34825	34900	73	76	0
cluster14_h1tg000007l:4593359-4929677_310000-319999	10000	312261	312332	-	chr8:2023351-2508385	485034	46235	46306	65	71	0
cluster14_318008-321244	10000	318008	321245	-	chr8:2023351-2508385	485034	278602	281841	3129	3241	0
cluster14_318008-321224	10000	318008	321225	-	chr8:2023351-2508385	485034	294345	297586	3087	3244	0
cluster14_318013-320901	10000	318013	320902	+	chr8:2023351-2508385	485034	316484	319354	2535	2890	0
cluster14_318013-320901	10000	318013	320902	-	chr8:2023351-2508385	485034	355674	358536	2530	2894	0
cluster14_319139-321226	10000	319139	321227	-	chr8:2023351-2508385	485034	143171	145262	1940	2093	0
cluster14_h1tg000007l:4593359-4929677_320000-329999	10000	320000	321245	+	chr8:2023351-2508385	485034	395177	396422	1199	1245	0
cluster14_h1tg000007l:4593359-4929677_320000-329999	10000	320000	321225	+	chr8:2023351-2508385	485034	379455	380679	1182	1225	0
cluster14_h1tg000007l:4593359-4929677_320000-329999	10000	320281	320540	+	chr8:2023351-2508385	485034	454056	454312	225	259	0
cluster14_h1tg000007l:4593359-4929677_320000-329999	10000	320296	321225	-	chr8:2023351-2508385	485034	194260	195189	865	930	0
cluster14_h1tg000007l:4593359-4929677_320000-329999	10000	327702	327979	-	chr8:2023351-2508385	485034	194412	194681	238	279	0
cluster14_h1tg000007l:4593359-4929677_320000-329999	10000	327795	327902	+	chr8:2023351-2508385	485034	319670	319777	98	107	0
cluster14_h1tg000007l:4593359-4929677_320000-329999	10000	327795	327902	-	chr8:2023351-2508385	485034	355257	355364	97	107	27
cluster14_329238-336317	10000	329238	336318	-	chr8:2023351-2508385	485034	312899	319995	6975	7101	0
cluster14_h1tg000007l:4593359-4929677_320000-329999	10000	329456	329563	-	chr8:2023351-2508385	485034	353601	353708	98	107	0
cluster14_h1tg000007l:4593359-4929677_320000-329999	10000	329863	329999	+	chr8:2023351-2508385	485034	194572	194708	123	136	0
cluster14_h1tg000007l:4593359-4929677_320000-329999	10000	329873	329999	+	chr8:2023351-2508385	485034	294667	294793	114	126	0
cluster14_h1tg000007l:4593359-4929677_320000-329999	10000	329873	329999	-	chr8:2023351-2508385	485034	346559	346685	114	126	0
cluster14_h1tg000007l:4593359-4929677_320000-329999	10000	329873	329999	-	chr8:2023351-2508385	485034	380231	380357	114	126	0
cluster14_h1tg000007l:4593359-4929677_330000-336317	6318	330000	331621	+	chr8:2023351-2508385	485034	143622	145262	1448	1641	0
cluster14_h1tg000007l:4593359-4929677_330000-336317	6318	330006	334239	-	chr8:2023351-2508385	485034	391689	395946	3739	4264	0
cluster14_h1tg000007l:4593359-4929677_330000-336317	6318	330006	334239	+	chr8:2023351-2508385	485034	279078	283335	3739	4264	0
cluster14_h1tg000007l:4593359-4929677_330000-336317	6318	330024	330462	+	chr8:2023351-2508385	485034	194733	195189	395	457	0
cluster14_h1tg000007l:4593359-4929677_330000-336317	6318	330024	334774	+	chr8:2023351-2508385	485034	294818	299609	4100	4806	0
cluster14_h1tg000007l:4593359-4929677_330000-336317	6318	330024	334774	-	chr8:2023351-2508385	485034	375415	380206	4103	4809	0
cluster14_h1tg000007l:4593359-4929677_330000-336317	6318	330052	332736	-	chr8:2023351-2508385	485034	343793	346506	2378	2717	0
cluster14_h1tg000007l:4593359-4929677_330000-336317	6318	330315	330476	-	chr8:2023351-2508385	485034	454057	454222	145	166	0
