sim-sequence-mutated_0-1999	1000	0	2000	+	sim-sequence	10000	0	2000	1996	2000	0
sim-sequence-mutated_1000-1999	1000	1000	2000	-	sim-sequence	10000	5999	6999	996	1000	0
sim-sequence-mutated_2000-2999	1000	2000	3000	-	sim-sequence	10000	4999	5999	1000	1000	0
sim-sequence-mutated_3000-3999	1000	3000	4000	-	sim-sequence	10000	3999	4999	1000	1000	0
sim-sequence-mutated_3000-3999	1000	3499	3996	+	sim-sequence	10000	7499	7996	447	497	0
sim-sequence-mutated_4000-4999	1000	4000	5000	-	sim-sequence	10000	2999	3999	1000	1000	0
sim-sequence-mutated_5000-5999	1000	5000	6000	-	sim-sequence	10000	1999	2999	1000	1000	0
sim-sequence-mutated_6000-9999	1000	6000	10000	+	sim-sequence	10000	6000	10000	3996	4000	0
sim-sequence-mutated_6000-6999	1000	6000	7000	-	sim-sequence	10000	999	1999	996	1000	0
sim-sequence-mutated_7000-7999	1000	7499	7996	-	sim-sequence	10000	4003	4500	447	497	0
