cluster18_0-15922	1000	0	15923	-	cluster4_h1tg000010l:1765873-2783337:381273-492343	111070	95146	111069	15862	15927	0
cluster18_h2tg000003l:623637-1488249:710144-821657_0-999	1000	649	999	+	cluster4_h1tg000010l:1765873-2783337:381273-492343	111070	70016	70366	307	350	0
cluster18_h2tg000003l:623637-1488249:710144-821657_0-999	1000	649	991	+	cluster4_h1tg000010l:1765873-2783337:381273-492343	111070	85738	86080	299	342	0
cluster18_1021-4996	1000	1021	4997	+	cluster4_h1tg000010l:1765873-2783337:381273-492343	111070	70399	74377	3491	3988	0
cluster18_1022-2924	1000	1022	2925	+	cluster4_h1tg000010l:1765873-2783337:381273-492343	111070	86122	88033	1689	1910	0
cluster18_3003-4996	1000	3003	4997	+	cluster4_h1tg000010l:1765873-2783337:381273-492343	111070	88111	90122	1726	2029	0
cluster18_h2tg000003l:623637-1488249:710144-821657_9000-9999	1000	9292	9589	-	cluster4_h1tg000010l:1765873-2783337:381273-492343	111070	39043	39332	261	297	0
cluster18_h2tg000003l:623637-1488249:710144-821657_9000-9999	1000	9292	9601	+	cluster4_h1tg000010l:1765873-2783337:381273-492343	111070	62241	62542	267	309	0
cluster18_h2tg000003l:623637-1488249:710144-821657_9000-9999	1000	9293	9498	-	cluster4_h1tg000010l:1765873-2783337:381273-492343	111070	44755	44948	159	205	0
cluster18_h2tg000003l:623637-1488249:710144-821657_9000-9999	1000	9295	9590	-	cluster4_h1tg000010l:1765873-2783337:381273-492343	111070	36258	36546	248	297	0
cluster18_h2tg000003l:623637-1488249:710144-821657_9000-9999	1000	9332	9589	+	cluster4_h1tg000010l:1765873-2783337:381273-492343	111070	100919	101167	222	257	0
cluster18_16000-73999	1000	16000	74000	-	cluster4_h1tg000010l:1765873-2783337:381273-492343	111070	37269	95124	57613	58005	0
cluster18_h2tg000003l:623637-1488249:710144-821657_16000-16999	1000	16671	16783	-	cluster4_h1tg000010l:1765873-2783337:381273-492343	111070	91575	91687	108	112	0
cluster18_h2tg000003l:623637-1488249:710144-821657_17000-17999	1000	17000	17723	-	cluster4_h1tg000010l:1765873-2783337:381273-492343	111070	93529	94123	588	723	0
cluster18_h2tg000003l:623637-1488249:710144-821657_19000-19999	1000	19563	19690	-	cluster4_h1tg000010l:1765873-2783337:381273-492343	111070	94340	94467	123	127	0
cluster18_20007-22968	1000	20007	22969	-	cluster4_h1tg000010l:1765873-2783337:381273-492343	111070	72548	75514	2816	2959	0
cluster18_h2tg000003l:623637-1488249:710144-821657_21000-21999	1000	21111	21973	+	cluster4_h1tg000010l:1765873-2783337:381273-492343	111070	106045	106907	758	862	0
cluster18_h2tg000003l:623637-1488249:710144-821657_22000-22999	1000	22013	22751	+	cluster4_h1tg000010l:1765873-2783337:381273-492343	111070	106961	107699	646	738	0
cluster18_23001-25845	1000	23001	25846	-	cluster4_h1tg000010l:1765873-2783337:381273-492343	111070	69693	72539	2746	2846	0
cluster18_23001-24992	1000	23001	24993	+	cluster4_h1tg000010l:1765873-2783337:381273-492343	111070	107916	109906	1771	1992	0
cluster18_h2tg000003l:623637-1488249:710144-821657_25000-25999	1000	25017	25524	+	cluster4_h1tg000010l:1765873-2783337:381273-492343	111070	109925	110420	435	508	0
cluster18_h2tg000003l:623637-1488249:710144-821657_28000-28999	1000	28000	28261	-	cluster4_h1tg000010l:1765873-2783337:381273-492343	111070	33101	33357	223	261	0
cluster18_h2tg000003l:623637-1488249:710144-821657_28000-28999	1000	28003	28256	-	cluster4_h1tg000010l:1765873-2783337:381273-492343	111070	36253	36506	221	254	0
cluster18_h2tg000003l:623637-1488249:710144-821657_35000-35999	1000	35567	36000	-	cluster4_h1tg000010l:1765873-2783337:381273-492343	111070	91025	91457	394	433	0
cluster18_36014-39985	1000	36014	39986	-	cluster4_h1tg000010l:1765873-2783337:381273-492343	111070	87017	91013	3798	3994	0
cluster18_h2tg000003l:623637-1488249:710144-821657_36000-36999	1000	36344	36405	+	cluster4_h1tg000010l:1765873-2783337:381273-492343	111070	105510	105571	56	61	0
cluster18_37009-38999	1000	37009	39000	+	cluster4_h1tg000010l:1765873-2783337:381273-492343	111070	106179	108174	1739	2005	0
cluster18_h2tg000003l:623637-1488249:710144-821657_39000-39999	1000	39017	39986	+	cluster4_h1tg000010l:1765873-2783337:381273-492343	111070	108191	109160	866	969	0
cluster18_40000-41587	1000	40000	41588	-	cluster4_h1tg000010l:1765873-2783337:381273-492343	111070	85416	87003	1533	1588	0
cluster18_h2tg000003l:623637-1488249:710144-821657_40000-40999	1000	40001	40990	+	cluster4_h1tg000010l:1765873-2783337:381273-492343	111070	109175	110145	866	990	0
cluster18_h2tg000003l:623637-1488249:710144-821657_40000-40999	1000	40644	40914	-	cluster4_h1tg000010l:1765873-2783337:381273-492343	111070	9531	9794	231	270	0
cluster18_h2tg000003l:623637-1488249:710144-821657_46000-46999	1000	46584	46859	-	cluster4_h1tg000010l:1765873-2783337:381273-492343	111070	83029	83304	237	275	0
cluster18_h2tg000003l:623637-1488249:710144-821657_46000-46999	1000	46593	46859	-	cluster4_h1tg000010l:1765873-2783337:381273-492343	111070	33112	33373	230	266	0
cluster18_h2tg000003l:623637-1488249:710144-821657_46000-46999	1000	46640	46859	-	cluster4_h1tg000010l:1765873-2783337:381273-492343	111070	36259	36478	188	220	0
cluster18_h2tg000003l:623637-1488249:710144-821657_46000-46999	1000	46716	46845	+	cluster4_h1tg000010l:1765873-2783337:381273-492343	111070	62753	62882	115	129	0
cluster18_h2tg000003l:623637-1488249:710144-821657_48000-48999	1000	48378	48634	+	cluster4_h1tg000010l:1765873-2783337:381273-492343	111070	39043	39298	212	257	0
cluster18_h2tg000003l:623637-1488249:710144-821657_48000-48999	1000	48732	48997	+	cluster4_h1tg000010l:1765873-2783337:381273-492343	111070	101469	101742	237	273	0
cluster18_h2tg000003l:623637-1488249:710144-821657_48000-48999	1000	48737	48997	+	cluster4_h1tg000010l:1765873-2783337:381273-492343	111070	39036	39296	226	260	0
cluster18_h2tg000003l:623637-1488249:710144-821657_48000-48999	1000	48743	48992	-	cluster4_h1tg000010l:1765873-2783337:381273-492343	111070	5651	5901	212	251	0
cluster18_h2tg000003l:623637-1488249:710144-821657_65000-65999	1000	65638	65771	+	cluster4_h1tg000010l:1765873-2783337:381273-492343	111070	23894	24026	119	133	0
cluster18_h2tg000003l:623637-1488249:710144-821657_71000-71999	1000	71933	71997	+	cluster4_h1tg000010l:1765873-2783337:381273-492343	111070	62237	62301	60	64	0
cluster18_h2tg000003l:623637-1488249:710144-821657_72000-72999	1000	72000	72226	-	cluster4_h1tg000010l:1765873-2783337:381273-492343	111070	101481	101715	207	234	0
cluster18_h2tg000003l:623637-1488249:710144-821657_72000-72999	1000	72008	72226	+	cluster4_h1tg000010l:1765873-2783337:381273-492343	111070	100950	101167	196	218	0
cluster18_h2tg000003l:623637-1488249:710144-821657_72000-72999	1000	72008	72226	-	cluster4_h1tg000010l:1765873-2783337:381273-492343	111070	36259	36478	189	220	0
cluster18_73000-74197	1000	73000	74198	-	cluster4_h1tg000010l:1765873-2783337:381273-492343	111070	37245	38269	1018	1198	0
cluster18_h2tg000003l:623637-1488249:710144-821657_73000-73999	1000	73000	73956	-	cluster4_h1tg000010l:1765873-2783337:381273-492343	111070	37574	38269	687	956	0
cluster18_h2tg000003l:623637-1488249:710144-821657_73000-73999	1000	73030	73785	-	cluster4_h1tg000010l:1765873-2783337:381273-492343	111070	37223	38239	747	1016	0
cluster18_h2tg000003l:623637-1488249:710144-821657_73000-73999	1000	73456	73872	-	cluster4_h1tg000010l:1765873-2783337:381273-492343	111070	37223	37639	406	416	0
cluster18_h2tg000003l:623637-1488249:710144-821657_73000-73999	1000	73456	73611	-	cluster4_h1tg000010l:1765873-2783337:381273-492343	111070	37223	37378	152	155	0
cluster18_h2tg000003l:623637-1488249:710144-821657_73000-73999	1000	73461	73698	-	cluster4_h1tg000010l:1765873-2783337:381273-492343	111070	37223	37460	234	237	0
cluster18_h2tg000003l:623637-1488249:710144-821657_73000-73999	1000	73543	73959	-	cluster4_h1tg000010l:1765873-2783337:381273-492343	111070	37223	37639	403	416	0
cluster18_h2tg000003l:623637-1488249:710144-821657_73000-73999	1000	73686	74000	-	cluster4_h1tg000010l:1765873-2783337:381273-492343	111070	37356	37670	302	314	0
cluster18_73809-74284	1000	73809	74285	-	cluster4_h1tg000010l:1765873-2783337:381273-492343	111070	37332	37808	468	475	0
cluster18_h2tg000003l:623637-1488249:710144-821657_73000-73999	1000	73888	74000	-	cluster4_h1tg000010l:1765873-2783337:381273-492343	111070	37704	37816	108	112	0
cluster18_74000-111511	1000	74000	111512	-	cluster4_h1tg000010l:1765873-2783337:381273-492343	111070	0	37530	37350	37668	0
cluster18_h2tg000003l:623637-1488249:710144-821657_74000-74999	1000	74001	74130	-	cluster4_h1tg000010l:1765873-2783337:381273-492343	111070	37487	37616	126	129	0
cluster18_h2tg000003l:623637-1488249:710144-821657_75000-75999	1000	75005	75272	-	cluster4_h1tg000010l:1765873-2783337:381273-492343	111070	101480	101754	232	276	0
cluster18_h2tg000003l:623637-1488249:710144-821657_75000-75999	1000	75024	75277	-	cluster4_h1tg000010l:1765873-2783337:381273-492343	111070	83023	83276	221	254	0
cluster18_h2tg000003l:623637-1488249:710144-821657_75000-75999	1000	75052	75271	-	cluster4_h1tg000010l:1765873-2783337:381273-492343	111070	64418	64637	186	220	0
cluster18_h2tg000003l:623637-1488249:710144-821657_75000-75999	1000	75089	75271	+	cluster4_h1tg000010l:1765873-2783337:381273-492343	111070	100988	101167	154	182	0
cluster18_h2tg000003l:623637-1488249:710144-821657_78000-78999	1000	78146	78429	-	cluster4_h1tg000010l:1765873-2783337:381273-492343	111070	83018	83306	247	288	0
cluster18_h2tg000003l:623637-1488249:710144-821657_87000-87999	1000	87504	87636	+	cluster4_h1tg000010l:1765873-2783337:381273-492343	111070	45500	45633	119	133	0
cluster18_h2tg000003l:623637-1488249:710144-821657_94000-94999	1000	94077	95000	-	cluster4_h1tg000010l:1765873-2783337:381273-492343	111070	15527	16601	866	1075	0
cluster18_h2tg000003l:623637-1488249:710144-821657_94000-94999	1000	94077	94999	-	cluster4_h1tg000010l:1765873-2783337:381273-492343	111070	15452	16487	863	1035	0
cluster18_h2tg000003l:623637-1488249:710144-821657_94000-94999	1000	94077	94990	-	cluster4_h1tg000010l:1765873-2783337:381273-492343	111070	16182	17095	848	913	0
cluster18_h2tg000003l:623637-1488249:710144-821657_94000-94999	1000	94077	94998	-	cluster4_h1tg000010l:1765873-2783337:381273-492343	111070	15984	16981	858	997	0
cluster18_h2tg000003l:623637-1488249:710144-821657_94000-94999	1000	94077	94965	-	cluster4_h1tg000010l:1765873-2783337:381273-492343	111070	15562	16487	829	926	0
cluster18_h2tg000003l:623637-1488249:710144-821657_94000-94999	1000	94077	94952	-	cluster4_h1tg000010l:1765873-2783337:381273-492343	111070	15499	16335	778	875	0
cluster18_h2tg000003l:623637-1488249:710144-821657_94000-94999	1000	94077	94495	-	cluster4_h1tg000010l:1765873-2783337:381273-492343	111070	15310	15690	351	418	0
cluster18_h2tg000003l:623637-1488249:710144-821657_94000-94999	1000	94079	94999	-	cluster4_h1tg000010l:1765873-2783337:381273-492343	111070	15338	16257	854	920	0
cluster18_h2tg000003l:623637-1488249:710144-821657_94000-94999	1000	94079	94987	-	cluster4_h1tg000010l:1765873-2783337:381273-492343	111070	16147	17055	843	908	0
cluster18_h2tg000003l:623637-1488249:710144-821657_94000-94999	1000	94079	94975	-	cluster4_h1tg000010l:1765873-2783337:381273-492343	111070	15779	16675	832	896	0
cluster18_h2tg000003l:623637-1488249:710144-821657_94000-94999	1000	94079	94965	-	cluster4_h1tg000010l:1765873-2783337:381273-492343	111070	15410	16257	795	886	0
cluster18_h2tg000003l:623637-1488249:710144-821657_94000-94999	1000	94079	94987	-	cluster4_h1tg000010l:1765873-2783337:381273-492343	111070	16261	17169	838	908	0
cluster18_h2tg000003l:623637-1488249:710144-821657_94000-94999	1000	94079	94951	-	cluster4_h1tg000010l:1765873-2783337:381273-492343	111070	15310	16143	777	872	0
cluster18_h2tg000003l:623637-1488249:710144-821657_94000-94999	1000	94079	94761	-	cluster4_h1tg000010l:1765873-2783337:381273-492343	111070	15310	15991	635	682	0
cluster18_h2tg000003l:623637-1488249:710144-821657_94000-94999	1000	94079	94761	-	cluster4_h1tg000010l:1765873-2783337:381273-492343	111070	15310	15953	602	682	0
cluster18_h2tg000003l:623637-1488249:710144-821657_94000-94999	1000	94079	94624	-	cluster4_h1tg000010l:1765873-2783337:381273-492343	111070	15864	16409	501	545	0
cluster18_h2tg000003l:623637-1488249:710144-821657_94000-94999	1000	94079	94530	-	cluster4_h1tg000010l:1765873-2783337:381273-492343	111070	15313	15763	417	451	0
cluster18_h2tg000003l:623637-1488249:710144-821657_94000-94999	1000	94079	94530	-	cluster4_h1tg000010l:1765873-2783337:381273-492343	111070	15313	15763	417	451	0
cluster18_h2tg000003l:623637-1488249:710144-821657_94000-94999	1000	94079	94378	-	cluster4_h1tg000010l:1765873-2783337:381273-492343	111070	15313	15612	276	299	0
cluster18_h2tg000003l:623637-1488249:710144-821657_94000-94999	1000	94079	94343	-	cluster4_h1tg000010l:1765873-2783337:381273-492343	111070	15310	15574	240	264	0
cluster18_h2tg000003l:623637-1488249:710144-821657_94000-94999	1000	94082	95000	-	cluster4_h1tg000010l:1765873-2783337:381273-492343	111070	16324	17280	853	956	0
cluster18_h2tg000003l:623637-1488249:710144-821657_94000-94999	1000	94106	94949	-	cluster4_h1tg000010l:1765873-2783337:381273-492343	111070	15919	16762	778	843	0
cluster18_h2tg000003l:623637-1488249:710144-821657_94000-94999	1000	94154	94782	-	cluster4_h1tg000010l:1765873-2783337:381273-492343	111070	15441	16068	582	628	0
cluster18_h2tg000003l:623637-1488249:710144-821657_94000-94999	1000	94158	94962	-	cluster4_h1tg000010l:1765873-2783337:381273-492343	111070	16704	17508	804	804	0
cluster18_94170-95591	1000	94170	95592	-	cluster4_h1tg000010l:1765873-2783337:381273-492343	111070	15315	16622	1219	1422	0
cluster18_h2tg000003l:623637-1488249:710144-821657_94000-94999	1000	94170	94965	-	cluster4_h1tg000010l:1765873-2783337:381273-492343	111070	15676	16470	735	795	0
cluster18_94176-95254	1000	94176	95255	-	cluster4_h1tg000010l:1765873-2783337:381273-492343	111070	15310	16426	1005	1116	0
cluster18_h2tg000003l:623637-1488249:710144-821657_94000-94999	1000	94198	95000	-	cluster4_h1tg000010l:1765873-2783337:381273-492343	111070	15603	16480	746	877	0
cluster18_h2tg000003l:623637-1488249:710144-821657_94000-94999	1000	94267	95000	-	cluster4_h1tg000010l:1765873-2783337:381273-492343	111070	16856	17589	671	733	0
cluster18_h2tg000003l:623637-1488249:710144-821657_94000-94999	1000	94269	95000	-	cluster4_h1tg000010l:1765873-2783337:381273-492343	111070	16818	17549	684	731	0
cluster18_94278-95404	1000	94278	95405	-	cluster4_h1tg000010l:1765873-2783337:381273-492343	111070	15312	16438	1049	1127	0
cluster18_94301-95518	1000	94301	95519	-	cluster4_h1tg000010l:1765873-2783337:381273-492343	111070	15312	16529	1130	1218	0
cluster18_h2tg000003l:623637-1488249:710144-821657_94000-94999	1000	94312	94949	-	cluster4_h1tg000010l:1765873-2783337:381273-492343	111070	16603	17354	631	751	0
cluster18_h2tg000003l:623637-1488249:710144-821657_94000-94999	1000	94372	94991	-	cluster4_h1tg000010l:1765873-2783337:381273-492343	111070	16409	17028	573	619	0
cluster18_h2tg000003l:623637-1488249:710144-821657_94000-94999	1000	94386	94990	-	cluster4_h1tg000010l:1765873-2783337:381273-492343	111070	15423	16026	569	604	0
cluster18_h2tg000003l:623637-1488249:710144-821657_94000-94999	1000	94445	94937	-	cluster4_h1tg000010l:1765873-2783337:381273-492343	111070	16501	16993	458	492	0
cluster18_h2tg000003l:623637-1488249:710144-821657_94000-94999	1000	94457	95000	-	cluster4_h1tg000010l:1765873-2783337:381273-492343	111070	15489	16069	516	581	0
cluster18_h2tg000003l:623637-1488249:710144-821657_94000-94999	1000	94462	94949	-	cluster4_h1tg000010l:1765873-2783337:381273-492343	111070	15464	15950	465	487	0
cluster18_h2tg000003l:623637-1488249:710144-821657_94000-94999	1000	94462	94989	-	cluster4_h1tg000010l:1765873-2783337:381273-492343	111070	15310	15836	492	527	0
cluster18_h2tg000003l:623637-1488249:710144-821657_94000-94999	1000	94462	94951	-	cluster4_h1tg000010l:1765873-2783337:381273-492343	111070	15310	15798	457	489	0
cluster18_h2tg000003l:623637-1488249:710144-821657_94000-94999	1000	94462	94865	-	cluster4_h1tg000010l:1765873-2783337:381273-492343	111070	15320	15722	373	403	0
cluster18_94484-95681	1000	94484	95682	-	cluster4_h1tg000010l:1765873-2783337:381273-492343	111070	15794	16992	1113	1198	0
cluster18_h2tg000003l:623637-1488249:710144-821657_94000-94999	1000	94490	94977	-	cluster4_h1tg000010l:1765873-2783337:381273-492343	111070	16233	16758	455	525	0
cluster18_h2tg000003l:623637-1488249:710144-821657_94000-94999	1000	94505	94987	-	cluster4_h1tg000010l:1765873-2783337:381273-492343	111070	15805	16287	446	482	0
cluster18_h2tg000003l:623637-1488249:710144-821657_94000-94999	1000	94522	94998	-	cluster4_h1tg000010l:1765873-2783337:381273-492343	111070	16554	17030	448	476	0
cluster18_h2tg000003l:623637-1488249:710144-821657_94000-94999	1000	94535	95000	-	cluster4_h1tg000010l:1765873-2783337:381273-492343	111070	17122	17587	423	465	0
cluster18_94593-95845	1000	94593	95846	-	cluster4_h1tg000010l:1765873-2783337:381273-492343	111070	15403	16465	997	1253	0
cluster18_h2tg000003l:623637-1488249:710144-821657_94000-94999	1000	94685	95000	-	cluster4_h1tg000010l:1765873-2783337:381273-492343	111070	17274	17589	290	315	0
cluster18_94695-95997	1000	94695	95998	-	cluster4_h1tg000010l:1765873-2783337:381273-492343	111070	15364	16553	1088	1339	0
cluster18_h2tg000003l:623637-1488249:710144-821657_94000-94999	1000	94713	95000	-	cluster4_h1tg000010l:1765873-2783337:381273-492343	111070	16362	16687	270	325	0
cluster18_h2tg000003l:623637-1488249:710144-821657_94000-94999	1000	94752	95000	-	cluster4_h1tg000010l:1765873-2783337:381273-492343	111070	16590	16838	235	248	0
cluster18_h2tg000003l:623637-1488249:710144-821657_94000-94999	1000	94778	95000	-	cluster4_h1tg000010l:1765873-2783337:381273-492343	111070	15830	16052	210	222	0
cluster18_h2tg000003l:623637-1488249:710144-821657_94000-94999	1000	94832	95000	-	cluster4_h1tg000010l:1765873-2783337:381273-492343	111070	15944	16112	158	168	0
cluster18_h2tg000003l:623637-1488249:710144-821657_94000-94999	1000	94840	95000	-	cluster4_h1tg000010l:1765873-2783337:381273-492343	111070	17426	17586	150	160	0
cluster18_h2tg000003l:623637-1488249:710144-821657_94000-94999	1000	94853	95000	-	cluster4_h1tg000010l:1765873-2783337:381273-492343	111070	16628	16775	142	147	0
cluster18_h2tg000003l:623637-1488249:710144-821657_94000-94999	1000	94915	95000	-	cluster4_h1tg000010l:1765873-2783337:381273-492343	111070	17502	17587	81	85	0
cluster18_h2tg000003l:623637-1488249:710144-821657_95000-95999	1000	95000	95997	-	cluster4_h1tg000010l:1765873-2783337:381273-492343	111070	15441	16438	938	998	0
cluster18_h2tg000003l:623637-1488249:710144-821657_95000-95999	1000	95000	95826	-	cluster4_h1tg000010l:1765873-2783337:381273-492343	111070	15499	16248	711	826	0
cluster18_h2tg000003l:623637-1488249:710144-821657_95000-95999	1000	95000	95732	-	cluster4_h1tg000010l:1765873-2783337:381273-492343	111070	15327	16020	651	732	0
cluster18_h2tg000003l:623637-1488249:710144-821657_95000-95999	1000	95000	95592	-	cluster4_h1tg000010l:1765873-2783337:381273-492343	111070	15315	15906	557	592	0
cluster18_h2tg000003l:623637-1488249:710144-821657_95000-95999	1000	95000	95559	-	cluster4_h1tg000010l:1765873-2783337:381273-492343	111070	15310	15868	525	559	0
cluster18_h2tg000003l:623637-1488249:710144-821657_95000-95999	1000	95000	95507	-	cluster4_h1tg000010l:1765873-2783337:381273-492343	111070	15590	16096	477	507	0
cluster18_h2tg000003l:623637-1488249:710144-821657_95000-95999	1000	95000	95485	-	cluster4_h1tg000010l:1765873-2783337:381273-492343	111070	15384	15868	456	485	0
cluster18_h2tg000003l:623637-1488249:710144-821657_95000-95999	1000	95000	95470	-	cluster4_h1tg000010l:1765873-2783337:381273-492343	111070	15665	16134	438	470	0
cluster18_h2tg000003l:623637-1488249:710144-821657_95000-95999	1000	95000	95483	-	cluster4_h1tg000010l:1765873-2783337:381273-492343	111070	15310	15754	417	483	0
cluster18_h2tg000003l:623637-1488249:710144-821657_95000-95999	1000	95000	95369	-	cluster4_h1tg000010l:1765873-2783337:381273-492343	111070	15310	15679	350	369	0
cluster18_h2tg000003l:623637-1488249:710144-821657_95000-95999	1000	95000	95331	-	cluster4_h1tg000010l:1765873-2783337:381273-492343	111070	15310	15641	311	331	0
cluster18_h2tg000003l:623637-1488249:710144-821657_95000-95999	1000	95034	95405	-	cluster4_h1tg000010l:1765873-2783337:381273-492343	111070	15312	15683	348	371	0
cluster18_h2tg000003l:623637-1488249:710144-821657_95000-95999	1000	95095	95872	-	cluster4_h1tg000010l:1765873-2783337:381273-492343	111070	15491	16267	733	777	0
cluster18_h2tg000003l:623637-1488249:710144-821657_95000-95999	1000	95095	95580	-	cluster4_h1tg000010l:1765873-2783337:381273-492343	111070	15744	16229	451	485	0
cluster18_h2tg000003l:623637-1488249:710144-821657_95000-95999	1000	95113	96000	-	cluster4_h1tg000010l:1765873-2783337:381273-492343	111070	16577	17503	827	926	0
cluster18_h2tg000003l:623637-1488249:710144-821657_95000-95999	1000	95159	95616	-	cluster4_h1tg000010l:1765873-2783337:381273-492343	111070	15367	15823	428	457	0
cluster18_h2tg000003l:623637-1488249:710144-821657_95000-95999	1000	95241	95616	-	cluster4_h1tg000010l:1765873-2783337:381273-492343	111070	15329	15703	345	375	0
cluster18_h2tg000003l:623637-1488249:710144-821657_95000-95999	1000	95257	95975	-	cluster4_h1tg000010l:1765873-2783337:381273-492343	111070	16869	17587	666	718	0
cluster18_h2tg000003l:623637-1488249:710144-821657_95000-95999	1000	95263	95813	-	cluster4_h1tg000010l:1765873-2783337:381273-492343	111070	15588	16137	516	550	0
cluster18_h2tg000003l:623637-1488249:710144-821657_95000-95999	1000	95316	95830	-	cluster4_h1tg000010l:1765873-2783337:381273-492343	111070	15571	16122	486	551	0
cluster18_h2tg000003l:623637-1488249:710144-821657_95000-95999	1000	95322	95975	-	cluster4_h1tg000010l:1765873-2783337:381273-492343	111070	16223	16876	611	653	0
cluster18_h2tg000003l:623637-1488249:710144-821657_95000-95999	1000	95348	96000	-	cluster4_h1tg000010l:1765873-2783337:381273-492343	111070	16197	16964	615	767	0
cluster18_h2tg000003l:623637-1488249:710144-821657_95000-95999	1000	95469	96000	-	cluster4_h1tg000010l:1765873-2783337:381273-492343	111070	16311	16881	501	570	0
cluster18_h2tg000003l:623637-1488249:710144-821657_95000-95999	1000	95483	95997	-	cluster4_h1tg000010l:1765873-2783337:381273-492343	111070	17074	17589	475	515	0
cluster18_h2tg000003l:623637-1488249:710144-821657_95000-95999	1000	95500	96000	-	cluster4_h1tg000010l:1765873-2783337:381273-492343	111070	16463	16964	475	501	0
cluster18_h2tg000003l:623637-1488249:710144-821657_95000-95999	1000	95500	96000	-	cluster4_h1tg000010l:1765873-2783337:381273-492343	111070	16843	17344	466	501	0
cluster18_h2tg000003l:623637-1488249:710144-821657_95000-95999	1000	95526	95922	-	cluster4_h1tg000010l:1765873-2783337:381273-492343	111070	15706	16140	394	434	0
cluster18_h2tg000003l:623637-1488249:710144-821657_95000-95999	1000	95566	96000	-	cluster4_h1tg000010l:1765873-2783337:381273-492343	111070	16539	16974	415	435	0
cluster18_h2tg000003l:623637-1488249:710144-821657_95000-95999	1000	95589	95996	-	cluster4_h1tg000010l:1765873-2783337:381273-492343	111070	16125	16533	383	408	0
cluster18_h2tg000003l:623637-1488249:710144-821657_95000-95999	1000	95602	95949	-	cluster4_h1tg000010l:1765873-2783337:381273-492343	111070	15452	15798	335	347	0
cluster18_h2tg000003l:623637-1488249:710144-821657_95000-95999	1000	95683	95997	-	cluster4_h1tg000010l:1765873-2783337:381273-492343	111070	17150	17465	291	315	0
cluster18_h2tg000003l:623637-1488249:710144-821657_95000-95999	1000	95716	96000	-	cluster4_h1tg000010l:1765873-2783337:381273-492343	111070	16007	16292	268	285	0
cluster18_h2tg000003l:623637-1488249:710144-821657_95000-95999	1000	95751	96000	-	cluster4_h1tg000010l:1765873-2783337:381273-492343	111070	17337	17587	235	250	0
cluster18_h2tg000003l:623637-1488249:710144-821657_95000-95999	1000	95809	95997	-	cluster4_h1tg000010l:1765873-2783337:381273-492343	111070	15744	15933	183	189	0
cluster18_h2tg000003l:623637-1488249:710144-821657_95000-95999	1000	95849	96000	-	cluster4_h1tg000010l:1765873-2783337:381273-492343	111070	15476	15628	149	152	0
cluster18_h2tg000003l:623637-1488249:710144-821657_95000-95999	1000	95865	96000	-	cluster4_h1tg000010l:1765873-2783337:381273-492343	111070	17451	17587	131	136	0
cluster18_h2tg000003l:623637-1488249:710144-821657_95000-95999	1000	95939	95995	-	cluster4_h1tg000010l:1765873-2783337:381273-492343	111070	17532	17589	55	57	0
cluster18_h2tg000003l:623637-1488249:710144-821657_99000-99999	1000	99075	99504	-	cluster4_h1tg000010l:1765873-2783337:381273-492343	111070	11923	12551	423	629	0
cluster18_h2tg000003l:623637-1488249:710144-821657_101000-101999	1000	101720	101983	-	cluster4_h1tg000010l:1765873-2783337:381273-492343	111070	86089	86359	232	270	0
cluster18_h2tg000003l:623637-1488249:710144-821657_101000-101999	1000	101720	101983	-	cluster4_h1tg000010l:1765873-2783337:381273-492343	111070	70367	70637	232	270	0
cluster18_h2tg000003l:623637-1488249:710144-821657_102000-102999	1000	102274	102526	-	cluster4_h1tg000010l:1765873-2783337:381273-492343	111070	39037	39290	219	253	0
cluster18_h2tg000003l:623637-1488249:710144-821657_105000-105999	1000	105613	105863	-	cluster4_h1tg000010l:1765873-2783337:381273-492343	111070	62282	62531	212	251	0
