cluster4_0-15749	75	0	15750	+	cluster4_h1tg000010l:1765873-2783337:381273-492343	111070	0	17384	15747	15751	0
cluster4_825-974	75	825	975	+	cluster4_h1tg000010l:1765873-2783337:381273-492343	111070	917	1067	146	148	0
cluster4_h1tg000010l:1765873-2783337:381273-492343_900-974	75	901	975	+	cluster4_h1tg000010l:1765873-2783337:381273-492343	111070	855	929	71	74	0
cluster4_h1tg000010l:1765873-2783337:381273-492343_975-1049	75	975	1050	+	cluster4_h1tg000010l:1765873-2783337:381273-492343	111070	883	958	72	75	0
cluster4_h1tg000010l:1765873-2783337:381273-492343_975-1049	75	975	1050	+	cluster4_h1tg000010l:1765873-2783337:381273-492343	111070	791	866	71	75	0
cluster4_h1tg000010l:1765873-2783337:381273-492343_12075-12149	75	12075	12150	+	cluster4_h1tg000010l:1765873-2783337:381273-492343	111070	12033	12108	75	75	0
cluster4_h1tg000010l:1765873-2783337:381273-492343_12075-12149	75	12075	12127	+	cluster4_h1tg000010l:1765873-2783337:381273-492343	111070	12117	12169	52	52	0
cluster4_h1tg000010l:1765873-2783337:381273-492343_12075-12149	75	12093	12150	+	cluster4_h1tg000010l:1765873-2783337:381273-492343	111070	12009	12066	55	57	0
cluster4_h1tg000010l:1765873-2783337:381273-492343_12225-12299	75	12225	12285	+	cluster4_h1tg000010l:1765873-2783337:381273-492343	111070	12547	12607	60	60	0
cluster4_h1tg000010l:1765873-2783337:381273-492343_12225-12299	75	12225	12300	+	cluster4_h1tg000010l:1765873-2783337:381273-492343	111070	12507	12581	72	75	0
cluster4_12233-12374	75	12233	12375	+	cluster4_h1tg000010l:1765873-2783337:381273-492343	111070	12303	12305	139	139	0
cluster4_h1tg000010l:1765873-2783337:381273-492343_12300-12374	75	12303	12375	+	cluster4_h1tg000010l:1765873-2783337:381273-492343	111070	12515	12586	69	72	0
cluster4_h1tg000010l:1765873-2783337:381273-492343_12300-12374	75	12303	12355	+	cluster4_h1tg000010l:1765873-2783337:381273-492343	111070	12555	12607	52	52	0
cluster4_h1tg000010l:1765873-2783337:381273-492343_12450-12524	75	12452	12515	+	cluster4_h1tg000010l:1765873-2783337:381273-492343	111070	12146	12210	61	64	0
cluster4_h1tg000010l:1765873-2783337:381273-492343_12525-12599	75	12525	12600	+	cluster4_h1tg000010l:1765873-2783337:381273-492343	111070	12284	12348	64	75	0
cluster4_h1tg000010l:1765873-2783337:381273-492343_12525-12599	75	12525	12591	+	cluster4_h1tg000010l:1765873-2783337:381273-492343	111070	12313	12380	64	67	0
cluster4_h1tg000010l:1765873-2783337:381273-492343_12525-12599	75	12525	12591	+	cluster4_h1tg000010l:1765873-2783337:381273-492343	111070	12243	12310	64	67	0
cluster4_h1tg000010l:1765873-2783337:381273-492343_12525-12599	75	12525	12591	+	cluster4_h1tg000010l:1765873-2783337:381273-492343	111070	12354	12409	55	66	0
cluster4_h1tg000010l:1765873-2783337:381273-492343_12525-12599	75	12544	12600	+	cluster4_h1tg000010l:1765873-2783337:381273-492343	111070	12222	12278	56	56	0
cluster4_h1tg000010l:1765873-2783337:381273-492343_12525-12599	75	12544	12591	+	cluster4_h1tg000010l:1765873-2783337:381273-492343	111070	12504	12551	47	47	0
cluster4_h1tg000010l:1765873-2783337:381273-492343_15450-15524	75	15450	15525	+	cluster4_h1tg000010l:1765873-2783337:381273-492343	111070	16437	16512	75	75	0
cluster4_15452-15674	75	15452	15675	+	cluster4_h1tg000010l:1765873-2783337:381273-492343	111070	15490	15788	222	298	0
cluster4_15452-15899	75	15452	15900	+	cluster4_h1tg000010l:1765873-2783337:381273-492343	111070	15755	15597	95764	95768	0
cluster4_15452-15599	75	15452	15600	+	cluster4_h1tg000010l:1765873-2783337:381273-492343	111070	16591	16739	146	148	0
cluster4_15452-15599	75	15452	15600	+	cluster4_h1tg000010l:1765873-2783337:381273-492343	111070	16933	16929	145	148	0
cluster4_15452-15674	75	15452	15675	+	cluster4_h1tg000010l:1765873-2783337:381273-492343	111070	15793	15637	296	373	0
cluster4_h1tg000010l:1765873-2783337:381273-492343_15450-15524	75	15452	15525	+	cluster4_h1tg000010l:1765873-2783337:381273-492343	111070	15604	15677	71	73	0
cluster4_h1tg000010l:1765873-2783337:381273-492343_15450-15524	75	15452	15525	+	cluster4_h1tg000010l:1765873-2783337:381273-492343	111070	16667	16740	71	73	0
cluster4_h1tg000010l:1765873-2783337:381273-492343_15450-15524	75	15452	15525	+	cluster4_h1tg000010l:1765873-2783337:381273-492343	111070	15642	15714	71	73	0
cluster4_15452-15899	75	15452	15900	+	cluster4_h1tg000010l:1765873-2783337:381273-492343	111070	15680	15673	588	594	0
cluster4_15452-15599	75	15452	15600	+	cluster4_h1tg000010l:1765873-2783337:381273-492343	111070	16135	16283	139	144	0
cluster4_h1tg000010l:1765873-2783337:381273-492343_15450-15524	75	15452	15525	+	cluster4_h1tg000010l:1765873-2783337:381273-492343	111070	16857	16968	71	111	0
cluster4_15452-15674	75	15452	15675	+	cluster4_h1tg000010l:1765873-2783337:381273-492343	111070	16781	16700	212	219	0
cluster4_15453-15674	75	15453	15675	+	cluster4_h1tg000010l:1765873-2783337:381273-492343	111070	16554	16776	219	222	0
cluster4_h1tg000010l:1765873-2783337:381273-492343_15450-15524	75	15453	15516	+	cluster4_h1tg000010l:1765873-2783337:381273-492343	111070	17162	17225	62	63	0
cluster4_15453-15674	75	15453	15675	+	cluster4_h1tg000010l:1765873-2783337:381273-492343	111070	15984	16244	206	251	0
cluster4_15525-15674	75	15525	15675	+	cluster4_h1tg000010l:1765873-2783337:381273-492343	111070	15790	16282	143	145	0
cluster4_h1tg000010l:1765873-2783337:381273-492343_15525-15599	75	15525	15600	+	cluster4_h1tg000010l:1765873-2783337:381273-492343	111070	15487	15562	74	75	0
cluster4_h1tg000010l:1765873-2783337:381273-492343_15525-15599	75	15525	15600	+	cluster4_h1tg000010l:1765873-2783337:381273-492343	111070	16816	16891	73	75	0
cluster4_h1tg000010l:1765873-2783337:381273-492343_15525-15599	75	15525	15600	+	cluster4_h1tg000010l:1765873-2783337:381273-492343	111070	15942	16017	73	75	0
cluster4_h1tg000010l:1765873-2783337:381273-492343_15525-15599	75	15525	15600	+	cluster4_h1tg000010l:1765873-2783337:381273-492343	111070	16132	16245	73	113	0
cluster4_15529-15666	75	15529	15667	+	cluster4_h1tg000010l:1765873-2783337:381273-492343	111070	15984	16122	135	138	0
cluster4_h1tg000010l:1765873-2783337:381273-492343_15600-15674	75	15600	15675	+	cluster4_h1tg000010l:1765873-2783337:381273-492343	111070	16663	16738	75	75	0
cluster4_h1tg000010l:1765873-2783337:381273-492343_15600-15674	75	15600	15675	+	cluster4_h1tg000010l:1765873-2783337:381273-492343	111070	15486	15561	74	75	0
cluster4_15600-15899	75	15600	15900	+	cluster4_h1tg000010l:1765873-2783337:381273-492343	111070	16853	17002	292	301	0
cluster4_h1tg000010l:1765873-2783337:381273-492343_15600-15674	75	15600	15675	+	cluster4_h1tg000010l:1765873-2783337:381273-492343	111070	16815	16890	73	75	0
cluster4_h1tg000010l:1765873-2783337:381273-492343_15675-15749	75	15675	15750	+	cluster4_h1tg000010l:1765873-2783337:381273-492343	111070	15826	15902	71	76	0
cluster4_h1tg000010l:1765873-2783337:381273-492343_15675-15749	75	15680	15750	+	cluster4_h1tg000010l:1765873-2783337:381273-492343	111070	16439	16510	69	71	0
cluster4_h1tg000010l:1765873-2783337:381273-492343_15675-15749	75	15691	15747	+	cluster4_h1tg000010l:1765873-2783337:381273-492343	111070	17173	17229	56	56	0
cluster4_15691-15899	75	15691	15900	+	cluster4_h1tg000010l:1765873-2783337:381273-492343	111070	16565	16774	205	209	0
cluster4_h1tg000010l:1765873-2783337:381273-492343_15750-15824	75	15750	15825	+	cluster4_h1tg000010l:1765873-2783337:381273-492343	111070	16662	16737	75	75	0
cluster4_15750-15899	75	15750	15900	+	cluster4_h1tg000010l:1765873-2783337:381273-492343	111070	15561	15710	147	150	0
cluster4_h1tg000010l:1765873-2783337:381273-492343_15750-15824	75	15750	15825	+	cluster4_h1tg000010l:1765873-2783337:381273-492343	111070	15788	15863	75	75	0
cluster4_h1tg000010l:1765873-2783337:381273-492343_15750-15824	75	15750	15825	+	cluster4_h1tg000010l:1765873-2783337:381273-492343	111070	16700	16775	74	75	0
cluster4_15750-15899	75	15750	15900	+	cluster4_h1tg000010l:1765873-2783337:381273-492343	111070	15485	15635	148	150	0
cluster4_15750-15899	75	15750	15900	+	cluster4_h1tg000010l:1765873-2783337:381273-492343	111070	15826	15824	148	150	0
cluster4_15750-15899	75	15750	15900	+	cluster4_h1tg000010l:1765873-2783337:381273-492343	111070	16928	16926	146	150	0
cluster4_h1tg000010l:1765873-2783337:381273-492343_15750-15824	75	15750	15825	+	cluster4_h1tg000010l:1765873-2783337:381273-492343	111070	16814	16889	73	75	0
cluster4_h1tg000010l:1765873-2783337:381273-492343_15750-15824	75	15750	15825	+	cluster4_h1tg000010l:1765873-2783337:381273-492343	111070	15637	15711	73	75	0
cluster4_h1tg000010l:1765873-2783337:381273-492343_15750-15824	75	15750	15818	+	cluster4_h1tg000010l:1765873-2783337:381273-492343	111070	16054	16122	66	68	0
cluster4_h1tg000010l:1765873-2783337:381273-492343_15750-15824	75	15750	15825	+	cluster4_h1tg000010l:1765873-2783337:381273-492343	111070	16320	16395	71	75	0
cluster4_h1tg000010l:1765873-2783337:381273-492343_15750-15824	75	15750	15801	+	cluster4_h1tg000010l:1765873-2783337:381273-492343	111070	17536	17587	51	51	0
cluster4_h1tg000010l:1765873-2783337:381273-492343_15750-15824	75	15750	15825	+	cluster4_h1tg000010l:1765873-2783337:381273-492343	111070	16130	16243	73	113	0
cluster4_h1tg000010l:1765873-2783337:381273-492343_15750-15824	75	15756	15825	+	cluster4_h1tg000010l:1765873-2783337:381273-492343	111070	16212	16281	67	69	0
cluster4_h1tg000010l:1765873-2783337:381273-492343_15825-15899	75	15825	15900	+	cluster4_h1tg000010l:1765873-2783337:381273-492343	111070	15787	15862	74	75	0
cluster4_h1tg000010l:1765873-2783337:381273-492343_15825-15899	75	15825	15900	+	cluster4_h1tg000010l:1765873-2783337:381273-492343	111070	16661	16736	74	75	0
cluster4_h1tg000010l:1765873-2783337:381273-492343_15825-15899	75	15825	15877	+	cluster4_h1tg000010l:1765873-2783337:381273-492343	111070	17535	17587	52	52	0
cluster4_h1tg000010l:1765873-2783337:381273-492343_15825-15899	75	15826	15900	+	cluster4_h1tg000010l:1765873-2783337:381273-492343	111070	17422	17496	73	74	0
cluster4_h1tg000010l:1765873-2783337:381273-492343_15975-16049	75	15975	16050	+	cluster4_h1tg000010l:1765873-2783337:381273-492343	111070	16545	16620	73	75	0
cluster4_h1tg000010l:1765873-2783337:381273-492343_15975-16049	75	15975	16047	+	cluster4_h1tg000010l:1765873-2783337:381273-492343	111070	17153	17225	70	72	0
cluster4_h1tg000010l:1765873-2783337:381273-492343_15975-16049	75	15975	16050	+	cluster4_h1tg000010l:1765873-2783337:381273-492343	111070	16203	16278	71	75	0
cluster4_h1tg000010l:1765873-2783337:381273-492343_16050-16124	75	16050	16122	+	cluster4_h1tg000010l:1765873-2783337:381273-492343	111070	15481	15553	71	72	0
cluster4_h1tg000010l:1765873-2783337:381273-492343_16050-16124	75	16050	16122	+	cluster4_h1tg000010l:1765873-2783337:381273-492343	111070	15746	15818	70	72	0
cluster4_h1tg000010l:1765873-2783337:381273-492343_16050-16124	75	16050	16122	+	cluster4_h1tg000010l:1765873-2783337:381273-492343	111070	16506	16578	70	72	0
cluster4_h1tg000010l:1765873-2783337:381273-492343_16050-16124	75	16050	16122	+	cluster4_h1tg000010l:1765873-2783337:381273-492343	111070	15595	15667	70	72	0
cluster4_h1tg000010l:1765873-2783337:381273-492343_16050-16124	75	16050	16122	+	cluster4_h1tg000010l:1765873-2783337:381273-492343	111070	16582	16654	70	72	0
cluster4_h1tg000010l:1765873-2783337:381273-492343_16050-16124	75	16050	16122	+	cluster4_h1tg000010l:1765873-2783337:381273-492343	111070	16886	16958	69	72	0
cluster4_16050-16199	75	16050	16200	+	cluster4_h1tg000010l:1765873-2783337:381273-492343	111070	16164	16314	142	147	0
cluster4_h1tg000010l:1765873-2783337:381273-492343_16050-16124	75	16050	16122	+	cluster4_h1tg000010l:1765873-2783337:381273-492343	111070	15671	15742	69	72	0
cluster4_h1tg000010l:1765873-2783337:381273-492343_16050-16124	75	16050	16122	+	cluster4_h1tg000010l:1765873-2783337:381273-492343	111070	17494	17566	68	72	0
cluster4_h1tg000010l:1765873-2783337:381273-492343_16050-16124	75	16050	16122	+	cluster4_h1tg000010l:1765873-2783337:381273-492343	111070	16316	16388	68	72	0
cluster4_h1tg000010l:1765873-2783337:381273-492343_16200-16274	75	16200	16275	+	cluster4_h1tg000010l:1765873-2783337:381273-492343	111070	15972	16047	71	75	0
cluster4_h1tg000010l:1765873-2783337:381273-492343_16200-16274	75	16200	16275	+	cluster4_h1tg000010l:1765873-2783337:381273-492343	111070	16542	16617	71	75	0
cluster4_h1tg000010l:1765873-2783337:381273-492343_16200-16274	75	16200	16275	+	cluster4_h1tg000010l:1765873-2783337:381273-492343	111070	17150	17225	71	75	0
cluster4_h1tg000010l:1765873-2783337:381273-492343_16275-16349	75	16275	16350	+	cluster4_h1tg000010l:1765873-2783337:381273-492343	111070	16921	16996	72	75	0
cluster4_h1tg000010l:1765873-2783337:381273-492343_16275-16349	75	16275	16336	+	cluster4_h1tg000010l:1765873-2783337:381273-492343	111070	15630	15691	60	61	0
cluster4_h1tg000010l:1765873-2783337:381273-492343_16275-16349	75	16278	16335	+	cluster4_h1tg000010l:1765873-2783337:381273-492343	111070	17532	17589	56	57	0
cluster4_h1tg000010l:1765873-2783337:381273-492343_16350-16424	75	16350	16420	+	cluster4_h1tg000010l:1765873-2783337:381273-492343	111070	16312	16382	68	70	0
cluster4_h1tg000010l:1765873-2783337:381273-492343_16425-16499	75	16427	16500	+	cluster4_h1tg000010l:1765873-2783337:381273-492343	111070	15478	15551	71	73	0
cluster4_h1tg000010l:1765873-2783337:381273-492343_16425-16499	75	16427	16500	+	cluster4_h1tg000010l:1765873-2783337:381273-492343	111070	15668	15740	71	73	0
cluster4_h1tg000010l:1765873-2783337:381273-492343_16425-16499	75	16427	16500	+	cluster4_h1tg000010l:1765873-2783337:381273-492343	111070	16579	16652	70	73	0
cluster4_h1tg000010l:1765873-2783337:381273-492343_16425-16499	75	16427	16500	+	cluster4_h1tg000010l:1765873-2783337:381273-492343	111070	16541	16614	70	73	0
cluster4_h1tg000010l:1765873-2783337:381273-492343_16425-16499	75	16428	16500	+	cluster4_h1tg000010l:1765873-2783337:381273-492343	111070	15441	15513	71	72	0
cluster4_h1tg000010l:1765873-2783337:381273-492343_16425-16499	75	16428	16500	+	cluster4_h1tg000010l:1765873-2783337:381273-492343	111070	17150	17222	69	72	0
cluster4_16575-16724	75	16575	16725	+	cluster4_h1tg000010l:1765873-2783337:381273-492343	111070	15474	15624	149	150	0
cluster4_h1tg000010l:1765873-2783337:381273-492343_16575-16649	75	16575	16650	+	cluster4_h1tg000010l:1765873-2783337:381273-492343	111070	16043	16118	73	75	0
cluster4_16575-16723	75	16575	16724	+	cluster4_h1tg000010l:1765873-2783337:381273-492343	111070	16157	16154	143	149	0
cluster4_16575-16724	75	16575	16725	+	cluster4_h1tg000010l:1765873-2783337:381273-492343	111070	16309	16497	143	186	0
cluster4_h1tg000010l:1765873-2783337:381273-492343_16575-16649	75	16575	16637	+	cluster4_h1tg000010l:1765873-2783337:381273-492343	111070	16461	16523	61	62	0
cluster4_16575-16724	75	16575	16725	+	cluster4_h1tg000010l:1765873-2783337:381273-492343	111070	15664	15662	147	150	0
cluster4_16575-16724	75	16575	16725	+	cluster4_h1tg000010l:1765873-2783337:381273-492343	111070	15701	15889	148	188	0
cluster4_h1tg000010l:1765873-2783337:381273-492343_16575-16649	75	16575	16637	+	cluster4_h1tg000010l:1765873-2783337:381273-492343	111070	17487	17587	62	100	0
cluster4_h1tg000010l:1765873-2783337:381273-492343_16575-16649	75	16579	16650	+	cluster4_h1tg000010l:1765873-2783337:381273-492343	111070	16427	16498	68	71	0
cluster4_16580-16724	75	16580	16725	+	cluster4_h1tg000010l:1765873-2783337:381273-492343	111070	15403	15586	143	183	0
cluster4_h1tg000010l:1765873-2783337:381273-492343_16650-16724	75	16650	16725	+	cluster4_h1tg000010l:1765873-2783337:381273-492343	111070	15776	15851	75	75	0
cluster4_h1tg000010l:1765873-2783337:381273-492343_16650-16724	75	16650	16724	+	cluster4_h1tg000010l:1765873-2783337:381273-492343	111070	16688	16762	74	74	0
cluster4_h1tg000010l:1765873-2783337:381273-492343_16650-16724	75	16650	16725	+	cluster4_h1tg000010l:1765873-2783337:381273-492343	111070	16612	16687	74	75	0
cluster4_h1tg000010l:1765873-2783337:381273-492343_16650-16724	75	16650	16725	+	cluster4_h1tg000010l:1765873-2783337:381273-492343	111070	15738	15813	74	75	0
cluster4_h1tg000010l:1765873-2783337:381273-492343_16650-16724	75	16650	16725	+	cluster4_h1tg000010l:1765873-2783337:381273-492343	111070	16878	16953	74	75	0
cluster4_h1tg000010l:1765873-2783337:381273-492343_16650-16724	75	16650	16725	+	cluster4_h1tg000010l:1765873-2783337:381273-492343	111070	15473	15548	74	75	0
cluster4_h1tg000010l:1765873-2783337:381273-492343_16650-16724	75	16650	16724	+	cluster4_h1tg000010l:1765873-2783337:381273-492343	111070	16840	16914	73	74	0
cluster4_h1tg000010l:1765873-2783337:381273-492343_16650-16724	75	16650	16725	+	cluster4_h1tg000010l:1765873-2783337:381273-492343	111070	17448	17523	73	75	0
cluster4_h1tg000010l:1765873-2783337:381273-492343_16650-16724	75	16650	16725	+	cluster4_h1tg000010l:1765873-2783337:381273-492343	111070	16802	16877	73	75	0
cluster4_h1tg000010l:1765873-2783337:381273-492343_16650-16724	75	16650	16725	+	cluster4_h1tg000010l:1765873-2783337:381273-492343	111070	16574	16649	73	75	0
cluster4_h1tg000010l:1765873-2783337:381273-492343_16650-16724	75	16650	16725	+	cluster4_h1tg000010l:1765873-2783337:381273-492343	111070	16536	16611	73	75	0
cluster4_h1tg000010l:1765873-2783337:381273-492343_16650-16724	75	16650	16725	+	cluster4_h1tg000010l:1765873-2783337:381273-492343	111070	16916	16991	73	75	0
cluster4_h1tg000010l:1765873-2783337:381273-492343_16650-16724	75	16650	16724	+	cluster4_h1tg000010l:1765873-2783337:381273-492343	111070	16270	16344	72	74	0
cluster4_h1tg000010l:1765873-2783337:381273-492343_16650-16724	75	16650	16713	+	cluster4_h1tg000010l:1765873-2783337:381273-492343	111070	15625	15688	63	63	0
cluster4_h1tg000010l:1765873-2783337:381273-492343_16650-16724	75	16650	16725	+	cluster4_h1tg000010l:1765873-2783337:381273-492343	111070	16004	16079	72	75	0
cluster4_h1tg000010l:1765873-2783337:381273-492343_16650-16724	75	16650	16724	+	cluster4_h1tg000010l:1765873-2783337:381273-492343	111070	16194	16268	71	74	0
cluster4_h1tg000010l:1765873-2783337:381273-492343_16650-16724	75	16650	16725	+	cluster4_h1tg000010l:1765873-2783337:381273-492343	111070	15663	15737	72	75	0
cluster4_h1tg000010l:1765873-2783337:381273-492343_16650-16724	75	16658	16713	+	cluster4_h1tg000010l:1765873-2783337:381273-492343	111070	17532	17587	55	55	0
cluster4_16801-16949	75	16801	16950	+	cluster4_h1tg000010l:1765873-2783337:381273-492343	111070	15586	15583	146	149	0
cluster4_16801-16949	75	16801	16950	+	cluster4_h1tg000010l:1765873-2783337:381273-492343	111070	16649	16646	144	149	0
cluster4_16801-16949	75	16801	16950	+	cluster4_h1tg000010l:1765873-2783337:381273-492343	111070	16687	16684	145	149	0
cluster4_h1tg000010l:1765873-2783337:381273-492343_16800-16874	75	16801	16875	+	cluster4_h1tg000010l:1765873-2783337:381273-492343	111070	15775	15849	72	74	0
cluster4_16801-17024	75	16801	17025	+	cluster4_h1tg000010l:1765873-2783337:381273-492343	111070	15510	15733	218	224	0
cluster4_16801-16949	75	16801	16950	+	cluster4_h1tg000010l:1765873-2783337:381273-492343	111070	15548	15545	145	149	0
cluster4_16801-16949	75	16801	16950	+	cluster4_h1tg000010l:1765873-2783337:381273-492343	111070	15813	15810	144	149	0
cluster4_h1tg000010l:1765873-2783337:381273-492343_16800-16874	75	16801	16865	+	cluster4_h1tg000010l:1765873-2783337:381273-492343	111070	15624	15688	62	64	0
cluster4_h1tg000010l:1765873-2783337:381273-492343_16800-16874	75	16801	16865	+	cluster4_h1tg000010l:1765873-2783337:381273-492343	111070	16915	16979	62	64	0
cluster4_16801-17006	75	16801	17007	+	cluster4_h1tg000010l:1765873-2783337:381273-492343	111070	16003	16209	190	199	0
cluster4_16875-17024	75	16875	17025	+	cluster4_h1tg000010l:1765873-2783337:381273-492343	111070	15546	15544	146	150	0
cluster4_h1tg000010l:1765873-2783337:381273-492343_16875-16949	75	16875	16950	+	cluster4_h1tg000010l:1765873-2783337:381273-492343	111070	15773	15848	74	75	0
cluster4_h1tg000010l:1765873-2783337:381273-492343_16875-16949	75	16875	16950	+	cluster4_h1tg000010l:1765873-2783337:381273-492343	111070	16647	16722	74	75	0
cluster4_16875-17024	75	16875	17025	+	cluster4_h1tg000010l:1765873-2783337:381273-492343	111070	16685	16683	146	150	0
cluster4_h1tg000010l:1765873-2783337:381273-492343_16875-16949	75	16875	16950	+	cluster4_h1tg000010l:1765873-2783337:381273-492343	111070	16229	16304	73	75	0
cluster4_h1tg000010l:1765873-2783337:381273-492343_16875-16949	75	16875	16945	+	cluster4_h1tg000010l:1765873-2783337:381273-492343	111070	15811	15881	69	70	0
cluster4_h1tg000010l:1765873-2783337:381273-492343_16875-16949	75	16875	16950	+	cluster4_h1tg000010l:1765873-2783337:381273-492343	111070	16837	16912	73	75	0
cluster4_h1tg000010l:1765873-2783337:381273-492343_16875-16949	75	16875	16948	+	cluster4_h1tg000010l:1765873-2783337:381273-492343	111070	16723	16796	71	73	0
cluster4_h1tg000010l:1765873-2783337:381273-492343_16875-16949	75	16875	16941	+	cluster4_h1tg000010l:1765873-2783337:381273-492343	111070	15622	15688	65	66	0
cluster4_h1tg000010l:1765873-2783337:381273-492343_16875-16949	75	16875	16950	+	cluster4_h1tg000010l:1765873-2783337:381273-492343	111070	17445	17520	72	75	0
cluster4_h1tg000010l:1765873-2783337:381273-492343_16875-16949	75	16875	16950	+	cluster4_h1tg000010l:1765873-2783337:381273-492343	111070	16039	16114	72	75	0
cluster4_h1tg000010l:1765873-2783337:381273-492343_16875-16949	75	16875	16947	+	cluster4_h1tg000010l:1765873-2783337:381273-492343	111070	16001	16073	69	72	0
cluster4_h1tg000010l:1765873-2783337:381273-492343_16875-16949	75	16877	16941	+	cluster4_h1tg000010l:1765873-2783337:381273-492343	111070	16915	16979	63	64	0
cluster4_h1tg000010l:1765873-2783337:381273-492343_16875-16949	75	16877	16950	+	cluster4_h1tg000010l:1765873-2783337:381273-492343	111070	16269	16380	72	111	0
cluster4_h1tg000010l:1765873-2783337:381273-492343_16875-16949	75	16886	16941	+	cluster4_h1tg000010l:1765873-2783337:381273-492343	111070	17532	17587	54	55	0
cluster4_h1tg000010l:1765873-2783337:381273-492343_16950-17024	75	16950	17023	+	cluster4_h1tg000010l:1765873-2783337:381273-492343	111070	16456	16529	70	73	0
cluster4_h1tg000010l:1765873-2783337:381273-492343_16950-17024	75	16950	17017	+	cluster4_h1tg000010l:1765873-2783337:381273-492343	111070	16570	16637	65	67	0
cluster4_h1tg000010l:1765873-2783337:381273-492343_16950-17024	75	16950	17025	+	cluster4_h1tg000010l:1765873-2783337:381273-492343	111070	16038	16113	71	75	0
cluster4_h1tg000010l:1765873-2783337:381273-492343_16950-17024	75	16953	17025	+	cluster4_h1tg000010l:1765873-2783337:381273-492343	111070	16345	16417	69	72	0
cluster4_h1tg000010l:1765873-2783337:381273-492343_17025-17099	75	17025	17098	+	cluster4_h1tg000010l:1765873-2783337:381273-492343	111070	17443	17516	71	73	0
cluster4_h1tg000010l:1765873-2783337:381273-492343_17100-17174	75	17100	17175	+	cluster4_h1tg000010l:1765873-2783337:381273-492343	111070	15846	15921	73	75	0
cluster4_h1tg000010l:1765873-2783337:381273-492343_17175-17249	75	17175	17245	+	cluster4_h1tg000010l:1765873-2783337:381273-492343	111070	15693	15763	69	70	0
cluster4_h1tg000010l:1765873-2783337:381273-492343_17175-17249	75	17175	17250	+	cluster4_h1tg000010l:1765873-2783337:381273-492343	111070	17327	17402	72	75	0
cluster4_h1tg000010l:1765873-2783337:381273-492343_17325-17399	75	17325	17397	+	cluster4_h1tg000010l:1765873-2783337:381273-492343	111070	15691	15763	70	72	0
cluster4_17325-17474	75	17325	17475	+	cluster4_h1tg000010l:1765873-2783337:381273-492343	111070	17173	17171	144	150	0
cluster4_h1tg000010l:1765873-2783337:381273-492343_17325-17399	75	17325	17397	+	cluster4_h1tg000010l:1765873-2783337:381273-492343	111070	16983	17055	69	72	0
cluster4_h1tg000010l:1765873-2783337:381273-492343_17325-17399	75	17325	17400	+	cluster4_h1tg000010l:1765873-2783337:381273-492343	111070	15995	16070	71	75	0
cluster4_h1tg000010l:1765873-2783337:381273-492343_17325-17399	75	17325	17400	+	cluster4_h1tg000010l:1765873-2783337:381273-492343	111070	15616	15691	71	75	0
cluster4_h1tg000010l:1765873-2783337:381273-492343_17325-17399	75	17325	17399	+	cluster4_h1tg000010l:1765873-2783337:381273-492343	111070	16907	16981	70	74	0
cluster4_h1tg000010l:1765873-2783337:381273-492343_17325-17399	75	17325	17400	+	cluster4_h1tg000010l:1765873-2783337:381273-492343	111070	15654	15728	71	75	0
cluster4_h1tg000010l:1765873-2783337:381273-492343_17325-17399	75	17326	17397	+	cluster4_h1tg000010l:1765873-2783337:381273-492343	111070	15882	15953	67	71	0
cluster4_h1tg000010l:1765873-2783337:381273-492343_17400-17474	75	17400	17473	+	cluster4_h1tg000010l:1765873-2783337:381273-492343	111070	17248	17321	70	73	0
cluster4_h1tg000010l:1765873-2783337:381273-492343_36450-36524	75	36450	36506	+	cluster4_h1tg000010l:1765873-2783337:381273-492343	111070	83220	83276	53	56	0
cluster4_37275-37424	75	37275	37425	+	cluster4_h1tg000010l:1765873-2783337:381273-492343	111070	37623	37773	149	150	0
cluster4_h1tg000010l:1765873-2783337:381273-492343_37275-37349	75	37275	37350	+	cluster4_h1tg000010l:1765873-2783337:381273-492343	111070	37362	37437	75	75	0
cluster4_37350-37574	75	37350	37575	+	cluster4_h1tg000010l:1765873-2783337:381273-492343	111070	37263	37488	220	225	0
cluster4_37350-37499	75	37350	37500	+	cluster4_h1tg000010l:1765873-2783337:381273-492343	111070	37611	37761	146	150	0
cluster4_h1tg000010l:1765873-2783337:381273-492343_37350-37424	75	37350	37425	+	cluster4_h1tg000010l:1765873-2783337:381273-492343	111070	37524	37599	73	75	0
cluster4_37425-37574	75	37425	37575	+	cluster4_h1tg000010l:1765873-2783337:381273-492343	111070	37251	37401	147	150	0
cluster4_h1tg000010l:1765873-2783337:381273-492343_37425-37499	75	37425	37498	+	cluster4_h1tg000010l:1765873-2783337:381273-492343	111070	37512	37585	70	73	0
cluster4_h1tg000010l:1765873-2783337:381273-492343_37500-37574	75	37500	37575	+	cluster4_h1tg000010l:1765873-2783337:381273-492343	111070	37674	37749	75	75	0
cluster4_37500-37720	75	37500	37721	+	cluster4_h1tg000010l:1765873-2783337:381273-492343	111070	37239	37460	218	221	0
cluster4_37575-37724	75	37575	37725	+	cluster4_h1tg000010l:1765873-2783337:381273-492343	111070	37227	37377	149	150	0
cluster4_h1tg000010l:1765873-2783337:381273-492343_37650-37724	75	37650	37725	+	cluster4_h1tg000010l:1765873-2783337:381273-492343	111070	37476	37551	75	75	0
cluster4_h1tg000010l:1765873-2783337:381273-492343_37650-37724	75	37650	37725	+	cluster4_h1tg000010l:1765873-2783337:381273-492343	111070	37737	37812	74	75	0
cluster4_h1tg000010l:1765873-2783337:381273-492343_37650-37724	75	37658	37725	+	cluster4_h1tg000010l:1765873-2783337:381273-492343	111070	37223	37290	66	67	0
cluster4_h1tg000010l:1765873-2783337:381273-492343_62250-62324	75	62250	62325	-	cluster4_h1tg000010l:1765873-2783337:381273-492343	111070	39248	39323	69	75	0
cluster4_69900-70049	75	69900	70050	+	cluster4_h1tg000010l:1765873-2783337:381273-492343	111070	85622	85772	148	150	0
cluster4_h1tg000010l:1765873-2783337:381273-492343_70200-70274	75	70200	70274	+	cluster4_h1tg000010l:1765873-2783337:381273-492343	111070	85922	85996	72	74	0
cluster4_70360-70573	75	70360	70574	+	cluster4_h1tg000010l:1765873-2783337:381273-492343	111070	86082	86296	206	210	0
cluster4_70650-70949	75	70650	70950	+	cluster4_h1tg000010l:1765873-2783337:381273-492343	111070	86372	86672	297	300	0
cluster4_71025-71245	75	71025	71246	+	cluster4_h1tg000010l:1765873-2783337:381273-492343	111070	86747	86968	213	220	0
cluster4_71325-71474	75	71325	71475	+	cluster4_h1tg000010l:1765873-2783337:381273-492343	111070	87047	87197	146	147	0
cluster4_71625-71774	75	71625	71775	+	cluster4_h1tg000010l:1765873-2783337:381273-492343	111070	87347	87497	148	150	0
cluster4_h1tg000010l:1765873-2783337:381273-492343_71850-71924	75	71850	71925	+	cluster4_h1tg000010l:1765873-2783337:381273-492343	111070	87572	87647	72	75	0
cluster4_72000-72149	75	72000	72150	+	cluster4_h1tg000010l:1765873-2783337:381273-492343	111070	87722	87872	146	149	0
cluster4_h1tg000010l:1765873-2783337:381273-492343_72225-72299	75	72225	72300	+	cluster4_h1tg000010l:1765873-2783337:381273-492343	111070	87947	88022	75	75	0
cluster4_72600-72969	75	72600	72970	+	cluster4_h1tg000010l:1765873-2783337:381273-492343	111070	88345	88715	360	367	0
cluster4_73275-73499	75	73275	73500	+	cluster4_h1tg000010l:1765873-2783337:381273-492343	111070	89020	89245	225	225	0
cluster4_73575-73724	75	73575	73725	+	cluster4_h1tg000010l:1765873-2783337:381273-492343	111070	89320	89470	148	150	0
cluster4_h1tg000010l:1765873-2783337:381273-492343_74100-74174	75	74100	74175	+	cluster4_h1tg000010l:1765873-2783337:381273-492343	111070	89845	89920	71	75	0
cluster4_74257-74399	75	74257	74400	+	cluster4_h1tg000010l:1765873-2783337:381273-492343	111070	90002	90145	141	143	0
cluster4_74775-74924	75	74775	74925	+	cluster4_h1tg000010l:1765873-2783337:381273-492343	111070	90519	90670	140	142	0
cluster4_h1tg000010l:1765873-2783337:381273-492343_75075-75149	75	75075	75150	+	cluster4_h1tg000010l:1765873-2783337:381273-492343	111070	90820	90895	75	75	0
cluster4_h1tg000010l:1765873-2783337:381273-492343_75150-75224	75	75160	75225	+	cluster4_h1tg000010l:1765873-2783337:381273-492343	111070	90904	90973	64	69	0
cluster4_85575-85799	75	85575	85800	+	cluster4_h1tg000010l:1765873-2783337:381273-492343	111070	69853	70078	220	223	0
cluster4_h1tg000010l:1765873-2783337:381273-492343_85725-85799	75	85738	85788	-	cluster4_h1tg000010l:1765873-2783337:381273-492343	111070	110370	110420	50	50	0
cluster4_85875-86019	75	85875	86020	+	cluster4_h1tg000010l:1765873-2783337:381273-492343	111070	70153	70298	139	142	0
cluster4_86100-86245	75	86100	86246	+	cluster4_h1tg000010l:1765873-2783337:381273-492343	111070	70378	70524	139	142	0
cluster4_86329-86549	75	86329	86550	+	cluster4_h1tg000010l:1765873-2783337:381273-492343	111070	70607	70828	218	219	0
cluster4_h1tg000010l:1765873-2783337:381273-492343_86625-86699	75	86625	86700	+	cluster4_h1tg000010l:1765873-2783337:381273-492343	111070	70903	70978	75	75	0
cluster4_h1tg000010l:1765873-2783337:381273-492343_86625-86699	75	86626	86700	-	cluster4_h1tg000010l:1765873-2783337:381273-492343	111070	109477	109551	71	74	0
cluster4_86850-86999	75	86850	87000	+	cluster4_h1tg000010l:1765873-2783337:381273-492343	111070	71128	71278	146	150	0
cluster4_87075-87223	75	87075	87224	+	cluster4_h1tg000010l:1765873-2783337:381273-492343	111070	71353	71502	144	149	0
cluster4_87375-87522	75	87375	87523	+	cluster4_h1tg000010l:1765873-2783337:381273-492343	111070	71653	71801	146	148	0
cluster4_87750-87889	75	87750	87890	+	cluster4_h1tg000010l:1765873-2783337:381273-492343	111070	72028	72168	137	140	0
cluster4_87905-88049	75	87905	88050	+	cluster4_h1tg000010l:1765873-2783337:381273-492343	111070	72183	72328	142	145	0
cluster4_h1tg000010l:1765873-2783337:381273-492343_88200-88274	75	88200	88268	+	cluster4_h1tg000010l:1765873-2783337:381273-492343	111070	72478	72546	66	68	0
cluster4_88352-88723	75	88352	88724	+	cluster4_h1tg000010l:1765873-2783337:381273-492343	111070	72607	72979	360	367	0
cluster4_89025-89324	75	89025	89325	+	cluster4_h1tg000010l:1765873-2783337:381273-492343	111070	73280	73580	292	294	0
cluster4_h1tg000010l:1765873-2783337:381273-492343_89400-89474	75	89400	89475	+	cluster4_h1tg000010l:1765873-2783337:381273-492343	111070	73655	73730	75	75	0
cluster4_90002-90149	75	90002	90150	+	cluster4_h1tg000010l:1765873-2783337:381273-492343	111070	74257	74405	146	148	0
cluster4_90525-90674	75	90525	90675	+	cluster4_h1tg000010l:1765873-2783337:381273-492343	111070	74781	74930	146	147	0
cluster4_90825-90974	75	90825	90975	+	cluster4_h1tg000010l:1765873-2783337:381273-492343	111070	75080	75227	137	142	0
cluster4_h1tg000010l:1765873-2783337:381273-492343_93450-93524	75	93450	93524	+	cluster4_h1tg000010l:1765873-2783337:381273-492343	111070	93547	93621	71	74	0
cluster4_h1tg000010l:1765873-2783337:381273-492343_101475-101549	75	101481	101550	+	cluster4_h1tg000010l:1765873-2783337:381273-492343	111070	39043	39112	65	69	0
cluster4_h1tg000010l:1765873-2783337:381273-492343_108900-108974	75	108900	108960	-	cluster4_h1tg000010l:1765873-2783337:381273-492343	111070	87217	87277	59	60	0
